_MeanReward,Steps,_mean_obs,_min_obs,_max_obs,_std_obs,_mean_act,_min_act,_max_act,_std_act,_mean_adv,_min_adv,_max_adv,_std_adv,_mean_discrew,_min_discrew,_max_discrew,_std_discrew,_Episode,PolicyLoss,PolicyEntropy,KL,Beta,_lr_multiplier,ValFuncLoss,ExplainedVarNew,ExplainedVarOld
-279.6641908274445,5000,0.04301685732917769,-1.3482255079794898,1.3209891874779016,0.07720801183196231,0.07479626,-3.3206408,2.8795934,0.4155866,0.0,-3.5777694051072584,3.336508292876471,0.999988677351221,-0.21123407325937837,-0.5430957002566177,0.01936578209570133,0.016346198109683015,5,-0.01343632,5.506399,0.008790904,1.5,1.0,0.007707588693310333,0.5299277267401137,-1.6072895335188937
-249.03039890256846,5000,0.04087071711525523,-1.5752974183086634,1.2731525660669423,0.07858996479112117,0.08962557,-2.4547038,2.9856675,0.4138855,1.9895196601282805e-17,-3.4270329886350566,3.8258315175424813,0.999966961618788,-0.19295566326460664,-0.6985386246175697,0.044983518430658044,0.022829229486938475,10,-0.009143009,5.5159492,0.0065323142,2.25,1.0,0.01596490674084186,0.302561466164059,0.02861544741409927
-356.23787912915066,5000,0.02462668133286495,-1.366738796569126,1.3632123005263395,0.08232998731820516,0.045145117,-2.7025368,2.879164,0.42262447,-3.4106051316484806e-17,-5.144193328981834,4.4027893457467115,0.9999652648148327,-0.25823043123326844,-0.6844278852361412,0.007854375175556627,0.01390638330070888,15,-0.00807898,5.4974484,0.0035537865,2.25,1.0,0.006477526805186213,0.5342072277397476,0.38539692476312737
-226.19784956827465,5000,0.04176482921993885,-1.2435677973916117,1.5713107929923271,0.07673251895289937,0.09481026,-2.6367059,2.8080502,0.40673563,4.5474735088646414e-17,-4.126790917448534,4.584624013295337,0.9999601453408006,-0.1672568767891678,-0.6137095697739204,0.06645047553913032,0.01583134510037969,20,-0.007714471,5.4877176,0.003946764,2.25,1.0,0.006134955031503212,0.6124857066621248,0.5047454999864737
-208.9801904748414,5000,0.03663344858264872,-1.1642288276686645,1.3057318493657033,0.07935872674368248,0.0875467,-2.8486538,2.7652497,0.41485262,4.5474735088646414e-17,-4.712088975409433,5.490288703423467,0.9999541669823084,-0.14400360201745235,-0.6280329928917451,0.09905789613382178,0.019308417736593607,25,-0.007310031,5.4822903,0.00400513,2.25,1.0,0.007695345216394261,0.6153779913759714,0.5547163412261059
-272.0643867470917,5000,0.026100939027804918,-1.3134286323078832,1.3080402666626483,0.08200592792843585,0.050618943,-2.9705424,2.7409985,0.42859653,2.2737367544323207e-17,-3.385572501273783,7.244856114385304,0.9999560873521468,-0.22317019734417431,-0.40554560837472364,0.01333205952109792,0.009107744762010865,30,-0.0065255766,5.475712,0.0031071845,2.25,1.0,0.0033908600418585343,0.6300557889724068,0.4161758395930041
-241.12171834115748,5000,0.03175737798012594,-1.2336050322866914,1.555084470569662,0.08189504178297707,0.076039456,-2.413637,2.6393902,0.4171237,0.0,-4.219167240369788,3.8775367012329793,0.9999612214779856,-0.19654876246937206,-0.6131202191698693,0.046549454727758593,0.013928557839750126,35,-0.006923496,5.4570417,0.0028855018,2.25,1.0,0.00890800671406902,0.36228041648465026,-0.08502857588440427
-229.2926443351726,5000,0.02974163921269637,-1.4614164165621504,1.2548005665861668,0.0788827127443393,0.045870863,-2.3544028,2.6867247,0.4102547,-2.2737367544323207e-17,-3.4161247930723038,5.82999075139108,0.9999356711995008,-0.20429135327304274,-0.3851243156250515,0.052794314498266284,0.011334594137428725,40,-0.008090311,5.4428062,0.0038709024,2.25,1.0,0.003077193178408256,0.7389035009301426,0.7207955735006893
-206.94098898566904,5000,0.03578350198078235,-1.3275224647188715,1.2162332490033672,0.08047724099364485,0.07497461,-2.5305037,2.7355328,0.42609635,-1.1368683772161604e-17,-6.486667584869228,4.858451436791932,0.9999498909641709,-0.17197691353122022,-0.3937633686090934,0.06320708963352187,0.010836806913644168,45,-0.006355358,5.4216194,0.0027929298,2.25,1.0,0.004112211050371752,0.6240359582094457,0.4123000763997794
-215.21094091538816,5000,0.031961800742069335,-1.2919768874857018,1.26157861678252,0.0799442651578453,0.07806591,-2.340898,2.910864,0.41559437,1.1368683772161604e-17,-3.9143254639364473,4.218891056508008,0.9999542650963289,-0.15273978887563677,-0.5525927577618149,0.04479306635634717,0.016970952214556887,50,-0.006959672,5.4151983,0.0031587982,2.25,1.0,0.006010765124990478,0.6479702804728784,0.3483453111100342
-208.8644443180448,5000,0.029672734622299454,-1.3806828739632688,1.307053988151296,0.08180683679910809,0.05640579,-2.7002492,2.6951454,0.41813925,8.526512829121201e-18,-3.617993967874598,4.257630293036789,0.999943999936905,-0.17704355424418994,-0.38730966021878993,0.004538354817224066,0.011169413723985543,55,-0.0069295675,5.395453,0.0031958676,2.25,1.0,0.0035218579479716363,0.6846971054776672,0.6476174651492899
-111.33583230330446,5000,0.042118965794197466,-1.2758569286275148,1.3869904613790949,0.07574991059323666,0.08654305,-2.7070498,2.693802,0.41239288,1.7053025658242403e-17,-3.456293294068386,5.807288320400324,0.9999383190201002,-0.0904535185724857,-0.3614969037659035,0.04658152161879424,0.010130983736356614,60,-0.00832416,5.384035,0.0038908683,2.25,1.0,0.0027622211476229686,0.7380125634948986,0.644679121123054
-158.53175371688596,5000,0.03092496615278225,-1.7463071507491787,1.2728685477512074,0.08025190080170466,0.05367355,-2.5870206,2.6799366,0.4157776,5.115907697472721e-17,-3.851470543698654,4.563717496499017,0.9999349421096644,-0.14067629856459232,-0.3829928016922411,0.05572987054268417,0.010333610173838355,65,-0.008102768,5.3651037,0.0033582337,2.25,1.0,0.0022238656554186102,0.7849440917381779,0.6596105896807252
-117.45999832523448,5000,0.03925503844951535,-1.1995484027793506,1.1955938851520647,0.07407082778751331,0.09622002,-2.6022773,2.9375532,0.4088638,-2.2737367544323207e-17,-4.584012634220491,3.6934064687288712,0.9999451792916807,-0.09497599296290939,-0.37989288309729474,0.10075444217232266,0.008107533453381078,70,-0.0078113023,5.370684,0.003810404,2.25,1.0,0.004431279647382644,0.4739447594259998,0.3886625309330459
-85.83534032423913,5000,0.037972012300464646,-1.1458598398948894,1.40216902645766,0.0791027476130502,0.07338164,-3.1590302,2.5918055,0.41603887,-1.1368683772161604e-17,-4.169918798039613,3.406127968066113,0.999936223382067,-0.07995365551381532,-0.3785161734667405,0.13684247633597893,0.016094622990574105,75,-0.007797613,5.338525,0.0033972645,2.25,1.0,0.00397819402589987,0.7597887505772787,0.6680388470131973
-25.2914983875793,5000,0.04276058721378519,-1.3076937590284003,1.2987709502911662,0.07237702702759811,0.09218503,-2.7677193,2.6263373,0.40362784,3.126388037344441e-17,-5.127809910326566,4.999321304542169,0.9999323946675244,-0.024534241512091902,-0.27890051684608996,0.15305029305805215,0.00607513948971128,80,-0.0064434395,5.313051,0.0031474687,2.25,1.0,0.0022605616041233394,0.6285544855237866,0.5396273882897819
-98.41680886717776,5000,0.03497334135388229,-1.2742456379720508,1.3958381279811563,0.07988944452094995,0.06891396,-2.4070528,2.4948573,0.40723434,-1.7053025658242403e-17,-5.787749393857514,4.015462553715642,0.9999358295435206,-0.09241839898635837,-0.3384326580273005,0.14631454508169525,0.015274002173610012,85,-0.008177842,5.281918,0.004334985,2.25,1.0,0.0030315736559814624,0.8015596669830691,0.7748843306936786
-23.79520326433176,5000,0.04254503656392298,-1.3359349046266324,1.5283966978158543,0.06903356069993655,0.11397105,-2.750151,2.7810507,0.39660868,1.1368683772161604e-17,-5.8530944452347065,3.4101718321956738,0.9999308813907295,0.0003149325463969085,-0.23721789327955994,0.134960946818065,0.002572403891242871,90,-0.0076225167,5.2635517,0.0037920398,2.25,1.0,0.0024972063347418576,0.10927749021194588,-0.024710230957020185
25.546335689446423,5000,0.041799289502935676,-1.4036897413832627,1.4586907594323266,0.07200991238591296,0.09214269,-2.2916975,2.853399,0.39649597,2.2737367544323207e-17,-6.574037388158146,4.390546057598821,0.9999274959707156,0.013228249860651103,-0.31188376236524706,0.19283338045433204,0.010965867727414792,95,-0.0065858536,5.2380238,0.0032228006,2.25,1.0,0.0033317472486520837,0.7057685001314501,0.6611877231460939
4.039317177124173,5000,0.04151475784763649,-1.303090612821607,1.3551478440257114,0.0694163595695442,0.11309808,-2.7282057,2.5660655,0.3871123,-4.5474735088646414e-17,-5.290537510538812,3.439596694300514,0.9999484751072725,0.0269494455884863,-0.35281079180213076,0.20351099129621766,0.007218931816232633,100,-0.008192772,5.224511,0.0044472166,2.25,1.0,0.005722816321527165,0.20905337181903494,0.08243983131153754
16.14191191949009,5000,0.04052271617355355,-1.5206188368687172,1.3373949139945898,0.0686349684068301,0.10691641,-2.6870053,2.8252604,0.3901663,3.4106051316484806e-17,-5.487648284307726,4.587410557363771,0.9999507712451572,0.008959986842322827,-0.3021522390697054,0.2065733517600997,0.008529278255812053,105,-0.009176977,5.2373195,0.0048034615,2.25,1.0,0.00691414192161063,0.1923341815689098,0.13570516083210804
36.29387637787255,5000,0.04092219737961661,-1.3932650094346715,1.256518627288827,0.06837095435364482,0.105069764,-2.6093018,2.6826208,0.38854864,-5.115907697472721e-17,-5.410579576872578,4.299031831582298,0.999947749768246,0.04033093026210541,-0.3652042050500837,0.21356450719252057,0.006146575041337187,110,-0.0071722623,5.2348156,0.0038494163,2.25,1.0,0.005503340628610043,0.19035549317302858,0.15394777316537434
90.80757921575507,5000,0.04208102451732938,-1.2471744065129045,1.3618673862055954,0.06933566174186552,0.10945268,-2.50578,3.1191635,0.3875209,1.7053025658242403e-17,-6.606183844422509,5.591871928006699,0.999941822173388,0.07481085339822707,-0.18167816067252504,0.24270214519087474,0.005195989429316238,115,-0.009699332,5.2250743,0.0046966714,2.25,1.0,0.003444981438854503,0.3738572740202033,0.25357273389461454
104.13952094684339,5000,0.04398997112233633,-1.2029148192414318,1.4714859626251735,0.06964283771553637,0.112503015,-2.468025,2.86156,0.38980225,2.2737367544323207e-17,-8.007734600552318,8.820627200184568,0.9999458584064236,0.08769197131330907,-0.08888724793955753,0.27081451110006827,0.005239733585399569,120,-0.011834868,5.238947,0.006219436,3.375,1.0,0.0036011883321653087,0.3222698657494155,0.14880991071962435
-13.009976666956891,5000,0.029114665723174473,-1.3580976983910198,1.322109979943473,0.0849912434063337,0.04292526,-2.8460288,2.6400547,0.41047677,-1.7053025658242403e-17,-5.011856806185619,6.58930780900358,0.9999627165700207,-0.0318635455374478,-0.3779374179830467,0.25398881671919665,0.03427994416398665,125,-0.00460895,5.223358,0.0011946182,2.25,1.0,0.004147933140249884,0.87910319328608,0.7058438986547712
42.33417756276067,5000,0.03941966341369114,-1.3279609234385663,1.320671284034597,0.07265507272660392,0.12170757,-2.8928406,2.6426525,0.3984057,1.7053025658242403e-17,-3.869129374006797,4.55750489075677,0.9999532895851864,0.03562862763577161,-0.2660254674415428,0.24039595252022009,0.008992213545678222,130,-0.007062112,5.226609,0.0030145124,2.25,1.0,0.00837983368548697,0.1285907528694339,-0.04643991029367611
134.39801164270577,5000,0.04269937682527256,-1.250117603172234,1.1972755366983998,0.07126771218825295,0.107879326,-2.34011,3.2181678,0.39613223,-5.684341886080802e-18,-6.529524975104803,4.772696108775704,0.9999491227293511,0.10435562943527564,-0.09429032184921493,0.2581807387522568,0.006474595638230031,135,-0.00844189,5.217458,0.004277822,2.25,1.0,0.005363701804092775,0.2682280995786698,0.23594392374656736
119.56412291976801,5000,0.039017119050356125,-1.2319783274358391,1.3031678911873414,0.07539283029046077,0.085409775,-2.7153287,2.757,0.39810774,0.0,-6.527415422824532,5.623910997553337,0.9999523220972646,0.09802537121808652,-0.2722825402119399,0.33993211554412284,0.01283861098942171,140,-0.008255575,5.1931753,0.0038996034,2.25,1.0,0.004133617597299358,0.692527235030391,0.5823438341925823
100.0927365135414,5000,0.03595395961586582,-1.1862440213014904,1.3647976056673472,0.07886652227389886,0.080208085,-2.735178,2.8241951,0.40982684,2.842170943040401e-17,-6.004612952701319,2.6742476107069675,0.9999487856473439,0.06801049305308919,-0.344096439394499,0.37148575952759105,0.02130754335249472,145,-0.0062685683,5.1807756,0.002716411,2.25,1.0,0.00638235459708647,0.7012231554935946,0.6569631687908721
35.36457513166192,5000,0.02949559976869114,-1.3271121166666575,1.6251707780652578,0.08234944888233332,0.058827613,-3.3319302,2.753276,0.40956998,-2.2737367544323207e-17,-6.914388986791885,3.455556570383617,0.9999521343709373,0.011095815163221298,-0.3559774852495922,0.2695754557591502,0.025982197866007868,150,-0.0070665367,5.1649313,0.0026610168,2.25,1.0,0.006126971403427139,0.7728176133737081,0.7297825091322894
230.34527282053568,5000,0.044345931741625565,-1.2030409526498484,1.2383945738181215,0.07055258119561346,0.10421837,-2.2355072,2.4678452,0.39418006,1.1368683772161604e-17,-4.84987957016254,5.000223778793741,0.9999458094852341,0.1860037884676182,-0.005969066081153576,0.3632036533027987,0.006966967216195913,155,-0.008267799,5.146331,0.0034606666,2.25,1.0,0.005719724054518174,0.5021028994277208,0.4156657051479965
143.36367881425025,5000,0.039903903961514164,-1.5067759702516998,1.3844523341328203,0.07346681002099026,0.11498001,-2.6326215,2.7917235,0.3956319,-1.1368683772161604e-17,-8.217871994590896,4.989754065991513,0.9999623100147149,0.13923774355395926,-0.29883760856473957,0.3316859057761712,0.012231685549946338,160,-0.00932762,5.13286,0.004964309,2.25,1.0,0.008164018366677647,0.3466721616306815,0.15019408713924132
103.35519051744969,5000,0.03415619041610371,-1.4224539153265892,1.9380846070325572,0.0818087549974817,0.07432341,-2.711276,2.8715868,0.40939537,-3.4106051316484806e-17,-6.9628971272492075,4.5637003367417375,0.9999620974376702,0.07754722610919385,-0.3735543462256572,0.42637940116504186,0.04151851815398665,165,-0.0074018696,5.1177897,0.0027261798,2.25,1.0,0.01144055451886046,0.7244743066266994,0.6542188251549403
181.06649099068872,5000,0.039691782663842164,-1.3591663863377035,1.2738408870209597,0.07520717911315128,0.11770395,-2.8902793,2.6807811,0.40045264,-2.2737367544323207e-17,-4.716396435439747,4.974387917852785,0.9999648655874056,0.15434658864541462,-0.18398139033769684,0.38901538413094805,0.014440424027830448,170,-0.007047087,5.1114373,0.0031707557,2.25,1.0,0.01019148414073464,0.31457569414088626,0.23936729100430487
215.93667804595253,5000,0.04175688345769915,-1.4884187643993494,1.4808074075609723,0.07297080089364931,0.11652157,-2.480873,2.8332598,0.4018506,3.4106051316484806e-17,-7.922092775657644,4.2998111718773595,0.9999535582743388,0.18773725976795114,-0.0821146468599789,0.3456376794358961,0.0084702346308641,175,-0.008788449,5.1136823,0.004256888,2.25,1.0,0.006550069099135651,0.2603278310388363,0.24277073897606272
190.45007021303726,5000,0.035162334208606295,-1.2364440566776103,1.7277553706748694,0.08324481072120199,0.069042884,-2.7898993,2.725211,0.42860532,-1.1368683772161604e-17,-6.703289531814063,5.516644229397841,0.9999625539823366,0.13226238104841942,-0.37464203303856947,0.465109650032293,0.047610033289718065,180,-0.008819035,5.101345,0.0036052593,2.25,1.0,0.009185727684435664,0.80803450014869,0.755264746411361
215.64164640167058,5000,0.03799460270551922,-1.4445955564974524,1.3470267449582345,0.08177676013219388,0.09079999,-2.5311968,3.5629072,0.41775858,-8.526512829121201e-18,-7.7772406211627185,4.512162035912601,0.9999577632038154,0.17031101920068553,-0.3150073638760512,0.4641982641985195,0.028065029775366172,185,-0.008849671,5.0933237,0.003495189,2.25,1.0,0.007494151604532779,0.7336328464365657,0.6950576381648751
243.69326713035298,5000,0.04044658627416744,-1.205452987147214,1.4982123980561077,0.07780305738263972,0.10336818,-2.5694313,2.6058881,0.4068551,5.684341886080802e-18,-6.9271651462175745,3.621663210773078,0.9999547150603212,0.19862539528145937,-0.2278962765349096,0.48953195925485865,0.019448748945858664,190,-0.008277948,5.1085453,0.003998031,2.25,1.0,0.006563612947067254,0.6625300756391725,0.6283401757391963
239.90009276797815,5000,0.03954607665015085,-1.2331729810427607,1.2196498649221046,0.082893151314721,0.10691296,-3.2615185,3.0193942,0.4322879,5.684341886080802e-18,-6.165846286085219,4.093276151768071,0.9999618788320186,0.19054069805190324,-0.3038834185091031,0.4957477350244436,0.0320228322861522,195,-0.007376978,5.0899353,0.0032030914,2.25,1.0,0.010617527023719037,0.668968247329186,0.6224251742101692
304.713005499897,5000,0.04143796120930315,-1.3157511186257234,1.4958081403980497,0.08122806269458246,0.11655309,-3.1327944,3.075932,0.4238688,-2.842170943040401e-18,-5.767547525669164,5.176977540858346,0.9999619327124448,0.23833993396838896,-0.26393322355102383,0.5247331975935704,0.025296378351792256,200,-0.006952552,5.073946,0.0030486223,2.25,1.0,0.008607873036487293,0.6702378929761108,0.594001385703006
296.50460363103906,5000,0.041335375674498506,-1.482494806612261,1.2688148776531254,0.08012768834693519,0.120890655,-2.7010503,3.1102772,0.42019984,2.2737367544323207e-17,-4.767439407325969,5.5845645764199,0.9999590438937414,0.24731525350965203,-0.17472631046857545,0.4989171914751247,0.022744229584307614,205,-0.007857956,5.0796494,0.00371908,2.25,1.0,0.009278917697654931,0.5969564881939181,0.5237929861942876
187.7775319073337,5000,0.03362465813810116,-1.4088380368178424,1.5242619056844888,0.08954244262299572,0.091974705,-3.163052,3.0271196,0.44282612,1.1368683772161604e-17,-7.671315223708166,2.279207125508102,0.9999648798899099,0.17638542241731747,-0.3870069591975495,0.5693311124357597,0.05469634727153833,210,-0.0071241865,5.0524926,0.002878504,2.25,1.0,0.011486057534336753,0.790185478718575,0.7327240697103425
273.04735344794693,5000,0.04148941915634836,-1.2576212749816411,1.4981080669990121,0.07780919480536168,0.1318863,-2.7115488,2.7118564,0.41783503,-1.1368683772161604e-17,-4.755002536892408,4.49023966659154,0.999960602519863,0.21705324732596437,-0.19210772751745425,0.441353556315997,0.013415974432572733,215,-0.007941107,5.0449953,0.0036548588,2.25,1.0,0.009135376654407466,0.33833367656963176,0.061066073491358286
319.7759786267341,5000,0.042202369518389175,-1.2924595820395401,1.7768587623074321,0.07887822965572074,0.13467692,-2.7160347,3.1794028,0.4217585,1.1368683772161604e-17,-4.867467507998014,4.932238113094621,0.9999656695272654,0.2694669853898176,-0.1273607875940998,0.6135722798476781,0.025181371800853527,220,-0.0076285377,5.0260644,0.0031783734,2.25,1.0,0.013614902274310383,0.49764961722931433,0.40383579982275697
223.32680468855997,5000,0.03261328131466509,-1.4183903667581317,1.613355005815209,0.0890267815182136,0.071075656,-3.1936219,2.9100752,0.44761166,-3.4106051316484806e-17,-7.962672740439403,3.8288214616713896,0.9999640396268078,0.18245061949539243,-0.5593051517840112,0.5621954571623367,0.0802788321717716,225,-0.0074638356,4.9896646,0.0029709768,2.25,1.0,0.008937023283778555,0.8900434561110426,0.7940457582944587
171.30952523948787,5000,0.026303401915037918,-1.3194891135790257,1.352003111408067,0.0916109571818987,0.04473736,-3.3693206,3.5051086,0.44638136,-1.1368683772161604e-17,-7.054714984332572,3.522256291523687,0.9999740803128858,0.11377266574729597,-0.3889588933452309,0.6312208060031756,0.07110486885391393,230,-0.00789294,4.9762063,0.0032293908,2.25,1.0,0.017173802567812167,0.7620718874088745,0.6684648747843971
415.06857876904905,5000,0.045104670600592214,-1.5125271401097216,1.4145437881516656,0.0768400192453512,0.12536941,-2.4654741,3.0828419,0.41345572,5.684341886080802e-18,-5.221444040755733,9.066896843732142,0.999968630386181,0.3481920222323232,-0.2566012575753152,0.6895235974252149,0.029145899031329855,235,-0.008253145,4.978053,0.0034726472,2.25,1.0,0.014085520703482393,0.6138570479847627,0.5175699313709969
408.3091012799743,5000,0.04441387527834069,-1.3141413531376638,1.561354815274975,0.07636806225797016,0.12570076,-2.9587927,2.8793428,0.4112424,4.5474735088646414e-17,-4.349307121749253,5.324772883220437,0.9999647277623955,0.3296683699890034,-0.018534605306775958,0.5921865477267778,0.021743513752505054,240,-0.008930859,4.969962,0.0038774002,2.25,1.0,0.006870574344941221,0.6861683462508366,0.618696247812711
14.29623626435868,5000,0.011514567291451745,-1.402502454986918,1.368173931645442,0.0970242780059663,-0.041722454,-3.4110303,2.8119714,0.47807395,2.2737367544323207e-17,-7.4706744753561205,2.438795600828834,0.9999764205532349,-0.037020031650044305,-0.4709681027487731,0.5881543009949805,0.08919977530238003,245,-0.010405058,4.9578753,0.004044609,2.25,1.0,0.02111968257079906,0.7859484645396442,0.7208852348414994
293.21119374103137,5000,0.036856558558260234,-1.5683695665737858,1.5340482964573154,0.0811974199110752,0.093773425,-2.8909428,2.7533743,0.42378715,-5.684341886080802e-18,-8.275924013419322,8.238414158707334,0.999963393160377,0.23182945766349095,-0.4131692626897505,0.5103218400372438,0.03689562864513247,250,-0.007525129,4.9239783,0.0029588568,2.25,1.0,0.007827168086103242,0.801134963636743,0.7386830320488449
294.83610614760244,5000,0.03326453085205153,-1.3363902363605318,1.5404370399723315,0.0871907103559921,0.08029173,-3.0399652,3.2907283,0.43778992,0.0,-8.842642623485933,4.732930219310867,0.9999639048193815,0.23190498003597704,-0.41346637636930134,0.6153984892028732,0.07563796664183958,255,-0.0075584906,4.9115176,0.0029645804,2.25,1.0,0.012007986134877217,0.8455496402905843,0.782326023037158
360.800322874646,5000,0.03835390374766159,-1.2384043021352065,1.4405078312411648,0.08517990689390778,0.09711693,-3.3756948,3.1131775,0.43410826,-1.1368683772161604e-17,-7.671324732231328,7.257753061928716,0.9999694226990249,0.283229568101333,-0.40435370642905005,0.7002101252323883,0.06626807810833467,260,-0.0062065446,4.900275,0.002280034,2.25,1.0,0.017496306858924525,0.7396615963716595,0.6891693832086562
308.46117367276116,5000,0.032562716975807454,-1.1611903952976255,1.3778306480592828,0.08703617493525684,0.07199822,-3.5735133,2.7795353,0.44416368,-3.4106051316484806e-17,-9.412067922569527,5.561292466077902,0.9999694786271471,0.26543480156150867,-0.4457291916840365,0.5977704682438402,0.08003634652454775,265,-0.0065774275,4.913828,0.00267899,2.25,1.0,0.010236359128371692,0.8748682967243055,0.8436557849366102
342.76459899468495,5000,0.03508261074867288,-1.2504504150001132,1.5168783754219042,0.08747183330435643,0.08626754,-2.5719655,2.6648862,0.43934882,-5.684341886080802e-18,-7.965368603801571,4.644989849809042,0.9999738477486266,0.2637822468447355,-0.30834947952603253,0.6169291159325245,0.049738639239337454,270,-0.007896772,4.914588,0.0030075924,2.25,1.0,0.017052637099023264,0.6629991540118216,0.5090654287243557
396.857660471336,5000,0.04060367423481944,-1.336826435319846,1.4899336849663227,0.08134654959881366,0.11752376,-2.7266026,2.9626055,0.429317,-1.7053025658242403e-17,-5.853864686049159,7.272960536684754,0.999966138458411,0.3373975132211682,-0.16637063024900525,0.7137607026306919,0.031571718473358,275,-0.0074907523,4.9053645,0.0033173317,2.25,1.0,0.011515887540130804,0.6515538475422398,0.5892607944522659
434.55908944523145,5000,0.042882965467522516,-1.312863913726255,1.5978074538337157,0.079074385446355,0.1286799,-2.5189176,3.0997496,0.4238032,-5.684341886080802e-17,-4.472106820648062,4.989834357158638,0.9999648135974057,0.3740388573480846,-0.13885264548901433,0.690575297351365,0.021933300466628988,280,-0.008258409,4.8912773,0.0036898341,2.25,1.0,0.007619246016542871,0.6661967421791021,0.5212935658193107
456.0532900075797,5000,0.04326215278785036,-1.1542716098606074,1.3128026869841736,0.07797271024453517,0.13374846,-2.6227183,3.2135103,0.4214573,-2.2737367544323207e-17,-6.048433375587227,4.937851157455851,0.9999612808691083,0.38675589176717495,-0.006260378979875634,0.6564413450592792,0.027539417251714327,285,-0.008173754,4.8849406,0.0037472397,2.25,1.0,0.007218394792217925,0.7413660768630843,0.6780860915528707
460.1488903229257,5000,0.04278249444555702,-1.3238795808474086,1.5262612784624963,0.07954531640944296,0.12560946,-2.8906374,3.0865016,0.42905125,2.2737367544323207e-17,-5.6454659259266124,7.5341955542224355,0.9999591859766757,0.3680144998701067,-0.0497864826791883,0.690231673736396,0.025258801200201873,290,-0.007826209,4.851855,0.0033022582,2.25,1.0,0.009510148896792104,0.6311613003334364,0.5550328490618778
523.7609024623258,5000,0.045178575252277524,-1.3052726297970956,1.3697501215093548,0.07991255037763874,0.13707788,-2.7312438,2.9140713,0.4270698,-1.1368683772161604e-17,-4.272849997196926,7.593403396058356,0.9999627730038155,0.43147707868576435,-0.0024841135838201208,0.803437428219522,0.03132442309567776,295,-0.006582278,4.8172603,0.002584978,2.25,1.0,0.007553350604228567,0.7839664653474381,0.6737498602727091
345.3750012541117,5000,0.03202121412028431,-1.2684370634048183,1.5746994928549451,0.08811796625188734,0.08143037,-3.1971836,2.937443,0.45225763,-2.2737367544323207e-17,-7.157853174600957,3.0203713961832173,0.9999691683701493,0.26912234263016677,-0.47113806640185674,0.7260213947241935,0.08577036831071161,300,-0.0070566856,4.793067,0.002550946,2.25,1.0,0.019018881602861956,0.7946216996671418,0.6750912190189161
399.3641096206709,5000,0.036277959174172855,-1.355779790705984,1.6593078690603524,0.08422621583420721,0.102210686,-2.7713087,3.2965617,0.4381862,-1.1368683772161604e-17,-8.453353994805731,4.727602131587128,0.999971281556204,0.30876987407553597,-0.2940794650099609,0.6988990987960566,0.04764014999782915,305,-0.008575002,4.7978096,0.0039819945,2.25,1.0,0.013978979856433161,0.7072025844080485,0.6478687808708028
531.5403104029672,5000,0.044328425663910515,-1.382909010946883,1.4143315691319225,0.07676115156424655,0.12182781,-2.9870677,2.8263688,0.4178451,-3.126388037344441e-17,-3.324757466436946,6.124322634705052,0.9999573233854476,0.43099915221616847,-0.07632628645112796,0.7296975417699381,0.030239779747517258,310,-0.007562759,4.778162,0.0031447648,2.25,1.0,0.008654070864282347,0.779864569471919,0.6963871369429435
531.4385995427922,5000,0.04335096237018734,-1.428465550374627,1.4388813626719985,0.08033937069301825,0.1306114,-2.9248767,2.7591193,0.42935398,6.821210263296961e-17,-5.226321847782498,4.904750513987041,0.9999715373391067,0.44622911702646034,-0.15580038029607923,0.8344742261069791,0.03526194372281128,315,-0.008384905,4.78134,0.003543058,2.25,1.0,0.019019042064397355,0.4682238480351196,0.2673186002620799
273.8911049387249,5000,0.024905377046393812,-1.4673730823844435,1.6408199322495194,0.09247724136473656,0.035719432,-3.1780696,3.290452,0.47925115,-2.2737367544323207e-17,-7.622314268446948,6.279071187878666,0.9999798022378771,0.21791351979330306,-0.43685232255157386,0.6435735910240641,0.0851073966494822,320,-0.009487731,4.8178177,0.0038192794,2.25,1.0,0.019464896890330565,0.7827026754234174,0.6335723522451433
464.6069277906854,5000,0.039873811110097405,-1.5410687705999446,1.6468682892258253,0.082504654004398,0.13233821,-2.9798017,3.0169377,0.44059896,0.0,-5.677108067357017,3.6971959501836893,0.9999727422145608,0.3924983351992322,-0.07914821012847213,0.7224596616305111,0.03504023282813798,325,-0.0081554195,4.814847,0.003504395,2.25,1.0,0.019752381888593122,0.4632370258493619,0.31523064625024033
406.50224576109974,5000,0.031822871395557305,-1.3636694620016583,1.3694334459907984,0.0906132483527797,0.06661033,-3.255507,3.0259666,0.478382,-5.684341886080802e-18,-5.673176327018616,5.532421873986718,0.9999740863011193,0.32361847220760237,-0.33067722255869336,0.6875111559593184,0.07201144654981972,330,-0.0086535495,4.821402,0.0039399765,2.25,1.0,0.01878578049347537,0.7417041676536495,0.6868518465632474
422.1579344854432,5000,0.03044706231096498,-1.4087733494510999,1.4143989991953865,0.09020589958948347,0.035418667,-3.1733656,3.2817402,0.47479784,-4.5474735088646414e-17,-7.639980650686698,7.586567682910707,0.999967979706352,0.32667707668658863,-0.4055035745547686,0.81515149045551,0.1161995488800457,335,-0.009658759,4.8123055,0.003417385,2.25,1.0,0.010612059185976417,0.9183867062328407,0.8887424134493693
547.8830143103871,5000,0.0422573014119822,-1.3856963333961883,1.5208923707065054,0.08189640895400711,0.12519592,-2.8704417,3.1207552,0.44535288,-3.979039320256561e-17,-5.322964219791095,5.062653509641799,0.9999665089261204,0.44219699196225165,-0.013025732991561652,0.7870143692318757,0.034219065817038596,340,-0.007200983,4.78729,0.002998934,2.25,1.0,0.014342369658338442,0.5833220427629348,0.5382190386112502
450.12408979434366,5000,0.03743920342214702,-1.3440427904888084,1.6409965465184084,0.08231267108314975,0.1280906,-2.748574,3.0866923,0.4400705,-2.2737367544323207e-17,-3.351976223315683,7.382377604071542,0.9999710103810032,0.38086768797757076,-0.059586903288664825,0.7554520809793401,0.03457104293188497,345,-0.008336005,4.7919703,0.0038282303,2.25,1.0,0.013822672746352254,0.615847299567208,0.4917388657456012
394.41613520421186,5000,0.030653935275318255,-1.3983389367132177,1.7466668436783368,0.0894807138653155,0.070959,-2.8311758,2.8564346,0.4777448,-8.526512829121201e-18,-7.650068604402865,7.7273999358516905,0.9999747284371513,0.3019412890006598,-0.27191770496340273,0.7627829034911318,0.06999722034307632,350,-0.008150634,4.787536,0.0035040542,2.25,1.0,0.015595235860052617,0.781925594736938,0.7063074838890524
575.0725875793557,5000,0.04244137231376361,-1.5591873443592974,1.5309726227377525,0.08224345424228491,0.12400012,-2.7373645,3.1189234,0.45029256,-3.4106051316484806e-17,-4.273966281323373,5.642618440908783,0.999972184942855,0.48431668783747484,0.00025522875967768353,0.8389500854328521,0.028173110777231905,355,-0.006971044,4.769128,0.0026573702,2.25,1.0,0.013102981199231766,0.6015374017554689,0.5001992796987758
433.74145014392104,5000,0.03275417531143675,-1.158203051713645,1.483041699417865,0.08855200677287116,0.07718357,-2.7447958,3.7499416,0.4816971,4.5474735088646414e-17,-7.847507054822251,5.356344158442652,0.9999737903978974,0.35093312554080014,-0.3163683585404457,0.7888036922841326,0.07872114555440782,360,-0.007236463,4.7526565,0.0029420783,2.25,1.0,0.018960156566500574,0.766877790431052,0.7213909593744199
523.1096854014257,5000,0.040735530624281306,-1.3496491964031607,1.5138392896149127,0.08291044717963748,0.1243773,-3.0369172,2.8916774,0.45298076,-3.4106051316484806e-17,-5.027618014987223,3.660360030300641,0.9999705233174598,0.4153603716657136,-0.33614998927584605,0.7752089718513848,0.051518219464966014,365,-0.0071000997,4.7483234,0.0025369567,2.25,1.0,0.01527456412809534,0.7043089736524687,0.5688177766047064
254.7792437595799,5000,0.014454703200328512,-1.3535645721515641,1.57054035911572,0.09514877060520009,-0.023331266,-3.1562872,3.1332812,0.50090414,-1.1368683772161604e-17,-7.799959799600852,3.5542818342378255,0.9999735811433278,0.19635599690548025,-0.37365481306310155,0.7872901663511084,0.12746662971271958,370,-0.008313166,4.734748,0.0031917698,2.25,1.0,0.01441777973750187,0.8870176392772658,0.8443137843182038
598.5312592966792,5000,0.042644900826166836,-1.2327007132042451,1.488509161657618,0.0815806699210308,0.123923354,-2.8489513,3.8626833,0.44879737,0.0,-3.848938570942476,9.44772268372742,0.9999701584324302,0.510807528124416,0.004853183986036901,0.7933263575550994,0.02794383265285993,375,-0.01162933,4.7377734,0.0060129534,3.375,1.0,0.00909877988450524,0.7114870208319807,0.45703508123221914
575.8893419370431,5000,0.040822080038843946,-1.1649104173313543,1.6676160710811123,0.0818359206627971,0.116466925,-2.7469594,3.2865567,0.44826832,1.9895196601282805e-17,-3.8490492840879083,3.6582458440944823,0.9999682526474808,0.46461953676556533,-0.06037255728576407,0.805095649199731,0.036828701819074515,380,-0.0054910304,4.73884,0.0011488878,2.25,1.0,0.010875271615416978,0.7256403444727668,0.5560408446629008
548.4982070410641,5000,0.039849333753491034,-1.418353577884113,1.3407249720681575,0.07992711014007398,0.11415508,-2.8172953,2.9481325,0.4410461,0.0,-5.206498411924363,7.353573562790762,0.999964476044166,0.45194491957946586,-0.07690555180815056,0.8553150640493077,0.04085887205818839,385,-0.007929599,4.7220874,0.0031704307,2.25,1.0,0.013655358322943682,0.6669905228800631,0.6070896761501606
585.4016609617833,5000,0.0409706716905769,-1.2986553036723218,1.4032660287869396,0.08492646752501737,0.12122236,-2.738369,3.3629189,0.45767012,-3.4106051316484806e-17,-4.521041780246348,3.296970807313293,0.9999697710054719,0.49842178022375977,-0.05983714065965934,0.835263995084693,0.04579495363076439,390,-0.008333037,4.704612,0.0034974564,2.25,1.0,0.01630827210669982,0.6509327171166479,0.55440390091153
614.3996928871651,5000,0.03899295212132842,-1.3371737808314486,1.4869440499701985,0.08687257227656169,0.10562272,-2.8209367,3.3288913,0.4731109,1.7053025658242403e-17,-5.4528515685746966,3.982361298777517,0.9999699521528684,0.5173493949880114,-0.1774287744619247,0.9445401318796636,0.06437129396028303,395,-0.008776884,4.67513,0.003714869,2.25,1.0,0.012720198663159732,0.8048877033314334,0.750311610654055
545.6968524596783,5000,0.03463020100664585,-1.4513226989365617,1.4714346057992609,0.08899239451133366,0.08989149,-2.8913894,3.4788299,0.4840082,-2.2737367544323207e-17,-6.7471215285672725,7.19159130387865,0.9999759556991364,0.4324152799850636,-0.28750575398051287,0.866478166561914,0.06920757539489027,400,-0.008731118,4.667772,0.003930167,2.25,1.0,0.016784956086275747,0.7688327210202363,0.6556845844222257
686.50562015009,5000,0.04398017893992122,-1.225395894971246,1.5482063933207697,0.08238884960964613,0.13009956,-2.76905,3.2783895,0.44625446,1.1368683772161604e-17,-3.091057467654508,9.692494098651753,0.999970435323544,0.5595401822084938,-0.006887227130452575,0.9806179764979572,0.05358106729424871,405,-0.00736931,4.6717043,0.0030640117,2.25,1.0,0.020185656675897168,0.6581689883832229,0.589430126726366
674.8767562776677,5000,0.04164969665821872,-1.2916351067745246,1.6046725230244496,0.08404399028194483,0.12260881,-3.0738845,3.0617003,0.4656384,-1.1368683772161604e-17,-4.749214182978367,3.452155391974388,0.9999662491457966,0.5477091784666158,-0.11684097898426798,0.9138738913181439,0.058411685981308595,410,-0.009713649,4.681451,0.0044395654,2.25,1.0,0.008883383011718343,0.8493933152295803,0.7809103944523346
635.4236490590777,5000,0.04070345678223353,-1.405110029778107,1.562889078107998,0.085812370402748,0.12364082,-2.7978332,3.520621,0.4574593,1.7053025658242403e-17,-4.924981095268287,3.2572576917723204,0.9999721219395513,0.5428972902614433,-0.02300830012824243,1.0186142101559255,0.05240064564229399,415,-0.008739714,4.685856,0.003770372,2.25,1.0,0.017926458027419268,0.6578962605061032,0.5711884307191959
568.3494458096094,5000,0.03341645618774587,-1.3127119379077614,1.6509250874078296,0.0925892685484223,0.07416112,-2.977705,3.512781,0.5041827,-2.2737367544323207e-17,-8.725589677144619,3.80629882624491,0.9999724120213322,0.4617569418532534,-0.32358751591847784,0.9322242230849745,0.12074134917161004,420,-0.008030586,4.655964,0.0029198006,2.25,1.0,0.024744657427830177,0.7950626092187509,0.7362589612341501
710.7259923181728,5000,0.045122570994932214,-1.2619414774127293,1.6770113271197897,0.08591072446954548,0.14459722,-2.7796624,3.608954,0.47282848,-7.105427357601002e-18,-3.772138550561819,6.853350884197896,0.9999694846644299,0.5877950713134846,-0.005589190662210419,0.9314017644772643,0.05107384353271157,425,-0.0067055086,4.6496487,0.0025136517,2.25,1.0,0.009513589716497484,0.8139092445770486,0.7786368414607329
626.1224537875908,5000,0.04075544917620075,-1.295981436519649,1.5953694011711845,0.08752802433534768,0.14052126,-2.7618933,3.545896,0.47780707,-8.526512829121201e-18,-3.5238052972434137,8.502222811924478,0.9999699083054242,0.5137129093639785,-0.013082507284024809,0.9153093486235817,0.048798958520373095,430,-0.0086954655,4.638935,0.0030377235,2.25,1.0,0.014358345530681106,0.7258652150454121,0.6878927334914773
767.7025196276278,5000,0.04606184511320268,-1.2086979573567032,1.4702093029775336,0.08603992247758435,0.14046292,-3.398307,3.1431055,0.48118123,-1.1368683772161604e-17,-3.2462543052556727,7.590004914482736,0.9999640031837871,0.6424470171315596,-0.003964268429404289,1.022163334900038,0.04834172637705988,435,-0.008183634,4.6161747,0.003144436,2.25,1.0,0.014226446553599488,0.8152086122890245,0.7964245510056259
215.24709218786785,5000,-0.00036361350026785496,-1.2809874848471619,1.3081115878591796,0.09604208478076284,-0.12605171,-3.1827903,2.8701785,0.55467373,-4.5474735088646414e-17,-7.059514641826645,2.4443328201528267,0.9999796086224373,0.15150507521434073,-0.4001263027390691,1.0415686788881355,0.19886451337204275,440,-0.010116522,4.6041617,0.003866941,2.25,1.0,0.02927153071395046,0.8610645723803562,0.7876489077164862
716.0465760536297,5000,0.04418933663344411,-1.2774441157273453,1.8137930149043238,0.08527569529874507,0.14094831,-3.0228763,3.1014984,0.4770352,0.0,-3.9664420736729604,8.093604949686526,0.9999736690340142,0.5862092493580462,-0.058957430069075945,0.9824911688976117,0.04102637266098163,445,-0.009423837,4.5951276,0.0034977456,2.25,1.0,0.012575684767769015,0.7040831109580548,0.6271601839297835
411.0995779453262,5000,0.01715842300287346,-1.2382485749303704,1.425907610329257,0.0949298353570765,-0.02315558,-3.2400744,3.157827,0.5507135,0.0,-8.218571691425822,3.8435966471777205,0.999976954979219,0.30121448606299484,-0.3763304614451327,0.8854037667457868,0.1593394886572563,450,-0.009346236,4.5795336,0.003172101,2.25,1.0,0.018417622067528457,0.8910003143258284,0.858954512899339
664.1570349150201,5000,0.03936803790150716,-1.2983051626560111,1.6135004944735323,0.0873581728578302,0.11355713,-2.835565,3.305195,0.48964348,0.0,-6.281943189552419,5.177800640928256,0.9999731770833092,0.5434964046712771,-0.1942284929896178,0.8936994186550656,0.07418208120761631,455,-0.006400332,4.5664005,0.0021959273,2.25,1.0,0.015670541492246594,0.8007972936156684,0.7037997211365052
677.5350328819147,5000,0.0381145169074854,-1.4958875205883022,1.7380805839900222,0.08946196422950944,0.08654378,-3.138516,3.1586924,0.500258,-5.684341886080802e-17,-6.5552560806782445,7.6138440086858905,0.9999778188714629,0.5520912356195089,-0.35526637960641055,0.9772256403549521,0.10304066768498991,460,-0.008919916,4.5477405,0.0034496177,2.25,1.0,0.019651281270463488,0.8131347221871108,0.6981118511926534
747.2537345554575,5000,0.04469460678619379,-1.2244513848849101,1.384947501306975,0.08455412369182327,0.1437494,-2.5829966,3.1410613,0.47053978,1.1368683772161604e-17,-4.180391669379412,9.479839237847688,0.9999736070817562,0.6198926823491352,-0.0031714142769793943,1.030594250612476,0.06153977963005845,465,-0.007579625,4.554715,0.0027037032,2.25,1.0,0.01982197880925034,0.6780687472832683,0.627902023809281
758.0218888089795,5000,0.0451534897395973,-1.1753908121316936,1.4678795725111877,0.0852227540391842,0.15161295,-2.839976,3.2699103,0.4807228,0.0,-3.2021917398914415,7.241270081179764,0.9999689609351015,0.6305638524370193,0.0021887686352853584,1.064730744655107,0.058736566623024726,470,-0.009087978,4.5638924,0.004220692,2.25,1.0,0.010851513372976894,0.8156789890816311,0.7385326981354834
729.6161853672189,5000,0.04324823892137805,-1.2984129892217808,1.5847560466654222,0.0857120508916699,0.14271227,-3.0963278,3.171639,0.47468328,1.1368683772161604e-17,-4.149170284972775,3.484909103326399,0.999970347250862,0.6230552170415296,-0.037484616783257645,1.1160901904522873,0.05616508135805564,475,-0.009400002,4.5431757,0.0038445739,2.25,1.0,0.012513892750260623,0.7771985470227794,0.7176217380415364
861.1226427676149,5000,0.047700541631519496,-1.2568662917951723,1.5892291462634465,0.08429591119839625,0.14633289,-2.8411312,3.422878,0.46796024,1.7053025658242403e-17,-3.7547182085158353,4.119555421805766,0.9999692702888042,0.7134271427092616,-0.06463518799628398,1.135848785004262,0.07433677802918422,480,-0.008921979,4.530527,0.0037881492,2.25,1.0,0.013937330888339485,0.8259892391415767,0.7789372508283726
490.6560075317966,5000,0.022639088186990564,-1.1434937534646057,1.4626529567785993,0.09706077518746901,0.020497974,-3.093749,3.2028031,0.56130004,-5.684341886080802e-17,-7.5471004998230695,2.885922406090815,0.9999818233811402,0.3723119774805643,-0.34447915672915624,1.0590658192037832,0.16205702514817755,485,-0.010808022,4.5007358,0.003750766,2.25,1.0,0.04558917458945319,0.7425048269348713,0.6171328554082137
770.9662752560932,5000,0.04355535025682091,-1.2373627013194457,1.3659751195918752,0.08556298342022818,0.13959236,-2.7720857,2.8503718,0.4860293,-5.684341886080802e-18,-3.1524488605689864,8.137948392416998,0.9999786842180636,0.6511639348351683,-0.04672077365745686,1.0560166273589149,0.0481782171103095,490,-0.009401324,4.4801736,0.0040930887,2.25,1.0,0.01556662083503255,0.7257353781755538,0.6699558698080421
780.1893707956002,5000,0.04103673039469686,-1.2188887368639787,1.5363506902850645,0.09016117372419603,0.10943252,-2.959706,2.920289,0.50747246,-1.1368683772161604e-17,-7.7114513579866175,6.827543959678523,0.9999770289867858,0.64673593724792,-0.2760885726743178,1.0681179844567226,0.09824948735906121,495,-0.008152252,4.476088,0.0030559963,2.25,1.0,0.02547433650381302,0.7415167285914839,0.6666300918318648
786.0303159789262,5000,0.044291814187410544,-1.3466494981920434,1.4746234863485501,0.08585253987766507,0.14488615,-3.0124712,3.08811,0.48292044,0.0,-3.514137830026656,6.949917471482248,0.9999653680228792,0.6457262139368729,0.00036835382099914695,1.0225211317927703,0.04901717089028136,500,-0.007638132,4.4635143,0.0024732437,2.25,1.0,0.012786542982465407,0.7404994955484054,0.7061126264740233
699.4518025623686,5000,0.035185894082093654,-1.2855194051929533,1.5133463970904006,0.09387197360938747,0.07012655,-3.6509073,2.9330578,0.5443352,2.2737367544323207e-17,-9.18678784673529,8.053485872158685,0.9999790418523434,0.5588628876649169,-0.38002854753205967,1.1214251176820365,0.17302831412858646,505,-0.008344316,4.449661,0.0028775935,2.25,1.0,0.03559514618189668,0.794380683498696,0.7350550453800696
623.5183001337575,5000,0.028102143124309607,-1.437263429635582,1.6723521270029404,0.094444100988081,0.039720785,-3.1283107,3.2881079,0.5509061,-3.4106051316484806e-17,-9.905924784260979,5.0228561571535115,0.9999789503832591,0.51652855665064,-0.40263200931064513,1.136856440021927,0.20219802723470165,510,-0.008757555,4.4523945,0.002891837,2.25,1.0,0.02420488362459521,0.8808005299300566,0.8370100866289224
826.4573596752573,5000,0.04416994462917443,-1.2188216643197722,1.5139107642426826,0.0847620121284959,0.1426462,-2.5973616,3.3671129,0.47917998,-1.4210854715202004e-18,-4.016343233506391,5.976384804889056,0.9999772049110918,0.6755132218821249,-0.021927402142310672,1.1918345812020297,0.07794417044838473,515,-0.008572724,4.4475217,0.0035363534,2.25,1.0,0.017768546964227257,0.7720697981865984,0.6322437149001071
853.8034579715426,5000,0.045351829137261865,-1.2519416131315082,1.544055017604389,0.08406374761723967,0.14535746,-2.6866875,2.9802418,0.48047638,1.7053025658242403e-17,-3.0489757778904387,13.974928485338191,0.9999786189613579,0.716960598666953,0.0033427429794525413,1.0806955173644013,0.06420153944452017,520,-0.008929391,4.4183235,0.0034949859,2.25,1.0,0.015249809561497164,0.7767701865727161,0.6247893163191018
837.2961204265673,5000,0.04470197348056124,-1.426047489780949,1.4239237213788107,0.08688449203894481,0.15048662,-2.7970026,3.0986786,0.4903399,0.0,-3.707173592090725,5.0711711256487995,0.9999763924512143,0.6987552674156381,0.0013577220371446055,1.0659106686009847,0.04462128125206103,525,-0.008153818,4.377356,0.0036362545,2.25,1.0,0.014601094488910985,0.6743500184886946,0.5145512126020493
906.3458375114254,5000,0.0470183366898638,-1.4052738062179726,1.6839940867308454,0.08700548070414134,0.1443205,-2.9020042,2.8847857,0.49399772,4.5474735088646414e-17,-3.2306132211781287,6.721049223721605,0.9999746343182317,0.7470989136157603,-0.00016847170114776518,1.2247835742791209,0.08693711993193874,530,-0.008140767,4.3430176,0.0032371483,2.25,1.0,0.02187326878831528,0.749956427399934,0.6666414016598763
871.6049681908092,5000,0.04396088617677456,-1.2163075967115544,1.4400584374540288,0.08590666652735285,0.13011216,-2.6998124,3.0487223,0.49575505,-4.5474735088646414e-17,-7.444404490362782,2.882193939842016,0.9999750176092104,0.7096719563984419,-0.14401385988759496,1.1827147662650759,0.08881594829765914,535,-0.008764128,4.3217607,0.0033114953,2.25,1.0,0.023609448441514642,0.7358122148930776,0.6747340315792987
510.71603501943065,5000,0.015186916459021123,-1.3645594254418103,1.4550008143465074,0.09883302598002751,-0.05670916,-3.2388444,3.2162669,0.5833907,-1.1368683772161604e-17,-10.049369737564618,3.1584488265951856,0.999981122550217,0.38257013564819425,-0.42620992709303074,1.140347343247273,0.305049126973465,540,-0.007756866,4.3012505,0.0023066627,2.25,1.0,0.027473114908703303,0.909967176470917,0.8166857283111812
828.991320273758,5000,0.039871346634548104,-1.2128227023383298,1.4060796753711178,0.09159334043759935,0.111786574,-3.2211428,3.2034764,0.520801,5.684341886080802e-18,-8.008405107807365,6.7299246426070445,0.9999815157095984,0.6681305865968624,-0.30053019407841985,1.2754906792658982,0.1503605124626601,545,-0.007462973,4.2854753,0.0024356088,2.25,1.0,0.0357524320959547,0.7627894291812873,0.6649583328703011
878.4460843441335,5000,0.04381807402428363,-1.346863980390299,1.7336300949687284,0.08737292703491538,0.14424737,-2.7807543,3.02803,0.49116227,-5.684341886080802e-18,-3.5350557115753203,11.385547674274862,0.9999809323551417,0.7142967317272083,0.0030054351705253194,1.3413157228540165,0.08756212965654935,550,-0.009432446,4.2906523,0.003958514,2.25,1.0,0.024168901424974725,0.7280270110080452,0.6321132467926214
817.3197213884702,5000,0.03777629115204519,-1.3726015723089249,1.509318926312165,0.09453743760836314,0.09633433,-2.9652615,2.9918342,0.5373087,1.1368683772161604e-17,-8.852731940522512,4.924347849990637,0.9999791475937047,0.6478067903387839,-0.3283810144336086,1.3126744015701988,0.16407328113807523,555,-0.00845046,4.287929,0.0031442223,2.25,1.0,0.02591294441473061,0.8421506232640765,0.787800436022629
914.3677739751063,5000,0.04530957401676166,-1.1932179264035454,1.6400976574679156,0.08763421851551113,0.13267893,-3.054758,3.3093822,0.4874656,-1.1368683772161604e-17,-3.6401589957053706,8.059277938899568,0.9999775015810933,0.7407590813261166,-0.006859910491524766,1.221516249326891,0.06638192811862739,560,-0.0076211174,4.2624655,0.0023160756,2.25,1.0,0.013713340766033193,0.7946692789235197,0.7017026976682912
966.8418304863455,5000,0.046525781546534514,-1.2459274971273036,1.4069460575303072,0.08602256106331621,0.15143017,-2.905711,3.2828388,0.48200163,6.821210263296961e-17,-3.1911212349497164,8.050842773644213,0.9999763224426391,0.8209287924245343,0.002133326929315958,1.2433709916165927,0.07159835978713798,565,-0.00906332,4.251785,0.003463784,2.25,1.0,0.016276064443081197,0.7920659376660175,0.5717000173408697
779.6479007838628,5000,0.035627785316220316,-1.2683622729315773,1.5537193596128578,0.09213621362861417,0.08041047,-3.0492663,3.0606349,0.53098375,2.2737367544323207e-17,-10.982707089939321,2.6259411490434865,0.9999792364334149,0.638638882044854,-0.3586363506707195,1.2408512557404534,0.15478875196596573,570,-0.007559091,4.2664385,0.0026567152,2.25,1.0,0.030774387487313322,0.8167089730239334,0.7862880437656299
508.0448490364626,5000,0.01643577892127694,-1.284654787254073,1.3949320718031888,0.09883968883348583,-0.035014044,-2.9767756,3.142944,0.59452087,3.694822225952521e-17,-9.103694378655165,2.6183428987403805,0.9999838032927146,0.3771520896009222,-0.46423756006555356,1.3420110726062084,0.2783368236992851,575,-0.007447025,4.2669744,0.0024579568,2.25,1.0,0.0530727933174737,0.8142697353222659,0.7620429497227266
827.3959588449391,5000,0.04171358720912805,-1.5109021269540126,1.5115248329702509,0.0897870757819777,0.14078602,-3.198044,2.8988533,0.49653003,1.1368683772161604e-17,-3.4306267116460374,9.338314185534088,0.9999817432084008,0.6826313683777414,-0.003870602812763863,1.2421319735779277,0.07688481943695985,580,-0.010652352,4.2550445,0.004487258,2.25,1.0,0.030971403820844283,0.6041533217706909,0.45633864213143405
830.0530750132018,5000,0.03759997029504829,-1.233235707627194,1.438739060889112,0.0946871726756197,0.0916132,-3.2585506,3.4951935,0.54245424,0.0,-8.111326750906064,5.4928137833222745,0.9999821273786507,0.6361082789844359,-0.43246930179293114,1.1938660944029316,0.18918719426769226,585,-0.008136466,4.251057,0.0028335177,2.25,1.0,0.03249552701128955,0.8287138677878909,0.7567236775184022
689.2259861759189,5000,0.026881257529338592,-1.2060357232385805,1.3808925070876559,0.09751652596310278,0.030229887,-3.2141938,3.2351122,0.574857,-1.1368683772161604e-17,-9.200532721788463,4.549960967430385,0.9999818536106304,0.525989521649406,-0.39911967125261827,1.141379012150251,0.24191881490373762,590,-0.008664139,4.2558436,0.002888588,2.25,1.0,0.04427123938695976,0.8191612382732256,0.7813126000172781
989.9044756129285,5000,0.046377627078959135,-1.2456715194382386,1.5731200322563255,0.08615708747855298,0.14490134,-2.92607,3.2056942,0.48233607,5.684341886080802e-18,-2.9443111126262256,12.520658733100058,0.99997855119697,0.7980427240675428,-0.01426592246007076,1.4161526227828038,0.10591984350231755,595,-0.008727578,4.2343016,0.0029926216,2.25,1.0,0.02036098035569862,0.8217689657337373,0.7359746787553882
834.9931670381857,5000,0.036003340650203546,-1.3549922187944066,1.564323007002909,0.09506941159346236,0.076865345,-2.750736,3.3260293,0.5532493,-1.1368683772161604e-17,-8.80940294868445,9.04492545466359,0.9999817840816282,0.6484999109473473,-0.39065584895530875,1.3663783026499539,0.23598132295942822,600,-0.009410072,4.2246695,0.0033057167,2.25,1.0,0.04162789329271774,0.8236080201760245,0.7890512738140888
981.2546994181815,5000,0.04630578745403698,-1.1691716334525626,1.3577915454257452,0.0875585303377408,0.13529252,-2.9848511,3.0902953,0.499186,2.2737367544323207e-17,-8.169948044134284,5.376508640575438,0.9999769751187112,0.8041698144453536,-0.1942333769876062,1.2876632418952172,0.10722566517356773,605,-0.009153947,4.198694,0.003446141,2.25,1.0,0.017697064939052713,0.835312430178628,0.7856946365365657
704.0143403734883,5000,0.026673693867821868,-1.4276503937391514,1.6709674537232388,0.09636914299699678,0.020175273,-2.780113,2.7993674,0.5599086,-2.2737367544323207e-17,-9.01099685042525,9.874946742621104,0.9999839813405257,0.5601998717060723,-0.44929192370382004,1.3802391710819122,0.28188471478123944,610,-0.009993885,4.181907,0.003753288,2.25,1.0,0.03358089064123366,0.8809922309423821,0.8254046371906157
1021.9826125311301,5000,0.04793721610129244,-1.2894844036760016,1.4290451006883316,0.08655973937284389,0.15202959,-2.7328897,3.0241423,0.49320757,-3.4106051316484806e-17,-3.0643568521776103,6.899671623548677,0.9999749821654735,0.8332035517435792,0.0006378879427855308,1.3803243096677953,0.09074620458626982,615,-0.00965264,4.1676326,0.0035069275,2.25,1.0,0.019692528424631338,0.7896893196159154,0.743888790791283
737.7360443267655,5000,0.030025795453712912,-1.3213942953075264,1.9169947086029033,0.09611983553513093,0.0696373,-3.3393755,3.0955803,0.5489508,-1.4210854715202004e-17,-8.597521764593399,4.721588383205329,0.9999847602711263,0.5914227751428405,-0.3633961591081775,1.4238494386666194,0.2238097756152163,620,-0.008922798,4.169077,0.003500716,2.25,1.0,0.07383381885109637,0.6828006382154492,0.6074220440142091
555.7232635997786,5000,0.01635553356220234,-1.272115681374947,1.5055838508711752,0.09927590439536749,-0.031374086,-3.0153186,3.0724733,0.6006689,-1.1368683772161604e-17,-8.864997568808946,5.7798508625634675,0.9999846141682156,0.4206018711079374,-0.4789303823589632,1.2098969488579185,0.30976727752447253,625,-0.009043911,4.1632524,0.0032904136,2.25,1.0,0.04130996861018383,0.8666629285477001,0.8195727244344997
956.9572865980963,5000,0.04483725897421885,-1.1182768733679713,1.4045422851999674,0.08664477343257587,0.1467148,-2.9869614,2.9886146,0.49261487,2.5579538487363606e-17,-5.002029600325857,9.140548001717145,0.9999821414633436,0.7848206988856725,-3.435218502005347e-06,1.2846666301460075,0.07394182028978268,630,-0.011969727,4.178449,0.005041782,2.25,1.0,0.021852615940539277,0.7097114503386706,0.5883578357596128
1035.9259183624222,5000,0.04819628011543439,-1.3720821469477391,1.4597358210136544,0.08679749219300792,0.14854583,-2.8819933,2.9414804,0.4927155,-3.694822225952521e-17,-3.892324178753248,7.396638284623608,0.9999787701965386,0.8531869860740268,0.0008068956932335146,1.274054640363085,0.08623100643173284,635,-0.008274086,4.1608043,0.0030872894,2.25,1.0,0.017859564349510595,0.8043970646619445,0.6876600767202334
800.5988733114897,5000,0.031948347484490686,-1.2816674314371717,1.379683333734248,0.0947219488039846,0.05905701,-3.001483,2.8015828,0.55668914,1.1368683772161604e-17,-10.312240677045764,2.771151208023632,0.9999819592240261,0.6354693569979194,-0.39153334940659257,1.2641430078261973,0.23691380707063794,640,-0.008587308,4.1464796,0.003146365,2.25,1.0,0.03949174083434751,0.8439451819605568,0.803928224942331
912.2291981724845,5000,0.03812060272406964,-1.1328843348553441,1.3822840170269302,0.09470339988142451,0.097247176,-2.8063183,2.9849162,0.5393104,-5.684341886080802e-18,-8.19036058476021,9.955493629471071,0.9999844648221379,0.7319223097189859,-0.317446924542383,1.3778877973535761,0.19861087986206288,645,-0.008380828,4.1340237,0.0029185677,2.25,1.0,0.03514871996106741,0.8232763771936444,0.7561433709906316
980.8555366970807,5000,0.04494591001807266,-1.2023278906279316,1.3413172557462525,0.08767125990425695,0.14698488,-2.7053952,2.9633708,0.49888524,1.4210854715202004e-17,-3.572367551940794,9.32852297927502,0.9999774652953962,0.8187307093797987,0.00565056190114098,1.2648814832238124,0.07616469217438172,650,-0.008958738,4.127229,0.003274506,2.25,1.0,0.015196544536238253,0.8004778777423918,0.7199829522808733
918.1024381362516,5000,0.04197064085879171,-1.3888714954053354,1.513420309082707,0.09281726824285558,0.13070157,-3.0604067,2.9639127,0.5339003,-1.1368683772161604e-17,-8.063928197659314,6.1297018562773635,0.9999791234554315,0.7821685198783542,-0.29592171002241896,1.2774977930349078,0.1345674825366832,655,-0.009496122,4.127794,0.00334787,2.25,1.0,0.0335561120939152,0.7506752431674492,0.6943427511765907
990.6639712633827,5000,0.04240907959375708,-1.2369878618955452,1.554379160888007,0.09458493520678551,0.117076986,-3.1874833,3.0555959,0.5397424,3.979039320256561e-17,-9.601176875342299,6.497809758030117,0.9999805301271856,0.7929291713622239,-0.3495518401683126,1.4323957904462663,0.20606846156811126,660,-0.007977326,4.1066685,0.0026922578,2.25,1.0,0.04721879882712272,0.7715891767396093,0.7145740485819774
862.3397545359973,5000,0.0360818302828522,-1.2874385701976057,1.5548375966404657,0.09646336333437514,0.0768693,-3.118762,3.0064423,0.56648487,-1.9895196601282805e-17,-7.741690473557057,8.185878238970663,0.999983527254129,0.695892578048524,-0.3552554010558418,1.3838335134099653,0.21520303437531324,665,-0.009510368,4.0866175,0.003217203,2.25,1.0,0.0384521933784858,0.8326015154139309,0.7845738252388177
923.3963332194211,5000,0.0417154763630911,-1.2197569506440404,1.5030115076882795,0.08532868519091837,0.158603,-2.8001366,3.022164,0.48381984,2.2737367544323207e-17,-4.540123527660651,9.883265227671922,0.9999781228214916,0.7714398648342939,0.0015588904618329608,1.2579010483706328,0.07062253242094338,670,-0.008280741,4.0582533,0.0028888236,2.25,1.0,0.023920749466655174,0.6613843989706462,0.5829950068168315
1044.2783747104259,5000,0.04674418364764543,-1.174309356956908,1.3687484796026033,0.08726245829418872,0.15476853,-2.7024212,3.6154134,0.49952626,2.2737367544323207e-17,-3.2287228603553477,10.774714528848769,0.9999767802016544,0.8623771836351705,0.0015503976576039815,1.3800716488996603,0.10879457298944276,675,-0.009513452,4.0522027,0.0032568825,2.25,1.0,0.017891478728451392,0.8416863232597895,0.759498840028767
1021.4093398555124,5000,0.044992455344073416,-1.2232533686002598,1.666326474334118,0.08724923795588198,0.15671556,-2.5682378,3.1912193,0.4861138,5.684341886080802e-17,-4.8422736984049,8.322677534166116,0.9999758643918276,0.8355712976254199,0.0004800356324392719,1.338680529357774,0.11598887040625766,680,-0.009271894,4.029515,0.0029788371,2.25,1.0,0.02359941329019018,0.7993204444230977,0.7209723164223798
991.4535592821801,5000,0.0392778211336701,-1.4483544406028706,1.5032537411125515,0.09427490979794285,0.091669284,-2.8420632,3.3052406,0.5522149,-2.2737367544323207e-17,-10.76410125877848,2.296976649802152,0.9999809099619168,0.8084343341877018,-0.3373340006574758,1.461909272461888,0.24718582489381732,685,-0.0073712454,4.023476,0.0023575912,2.25,1.0,0.03985127060838864,0.8436547442556114,0.7801432440989502
892.1046690949158,5000,0.03509443447612329,-1.2943780354788703,1.722000769916587,0.09528140161868466,0.08137981,-3.2975688,3.0477097,0.5532407,-5.684341886080802e-18,-11.891781792927503,2.598798409609502,0.9999803290795056,0.7149219367833052,-0.3973144199934453,1.3312603428462817,0.231425143763685,690,-0.007459811,4.0153866,0.0023049426,2.25,1.0,0.03200132044103869,0.865865399955608,0.8312170794380042
854.1768430984077,5000,0.03128370117952732,-1.2097125953852779,1.3594735252524415,0.09861308265260628,0.040668234,-3.064749,2.9768634,0.5895539,1.7053025658242403e-17,-9.523768349200216,6.085528625156036,0.9999833830302342,0.6449028688305534,-0.3732182043422202,1.4491195445234322,0.32760376729998264,695,-0.009207836,4.0014253,0.0031981696,2.25,1.0,0.046974159274103165,0.8566699318096366,0.8354234052381148
1146.5438623997327,5000,0.04888686299586097,-1.2623350549790928,1.325174953510704,0.08723188624118038,0.15141088,-2.961718,2.9080124,0.49985847,1.7053025658242403e-17,-5.7186742899509015,10.670270995414716,0.999977726482282,0.931089326228679,-0.00023153518665992599,1.6211813581912708,0.1010184907449315,700,-0.008925308,3.982616,0.0034152824,2.25,1.0,0.01927389290025713,0.8197743464300195,0.7341438906669348
1212.917461147386,5000,0.05056198524389741,-1.3446098753072635,1.3836526080147509,0.08762184873279437,0.15648864,-2.840567,2.953981,0.49946094,4.831690603168681e-17,-3.630690008271072,13.514630999079223,0.9999760139643582,0.9948517473499021,0.005943836811565808,1.373151875891093,0.09199357270412016,705,-0.011616804,3.9804773,0.0050600106,2.25,1.0,0.015639006594068975,0.8515691635072373,0.7888077887685191
1020.0810550999377,5000,0.043293796909163795,-1.2631020045349328,1.5007588556935751,0.0888136325628564,0.14283718,-2.66168,3.1489882,0.5040826,-1.1368683772161604e-17,-7.317609403768544,3.4254881727334574,0.9999752133934482,0.8650506910200058,-0.11738157047058964,1.5007789970188623,0.11684883149796263,710,-0.009781938,3.9759474,0.0031975708,2.25,1.0,0.01993721904819027,0.8572583070372666,0.8130711117317724
1135.9618098654262,5000,0.048074994255518345,-1.1350133485914389,1.6216177169874155,0.08852265200284054,0.14756851,-3.2907329,3.1890206,0.5121225,5.684341886080802e-18,-3.0385525573587833,4.02301422260577,0.9999735123331726,0.9160251240322564,0.0035810038510401257,1.5160539176519126,0.09121876890727632,715,-0.0096367765,3.9606209,0.0030351481,2.25,1.0,0.019079146967132643,0.8019468262952297,0.7652444839165891
1013.3161936547618,5000,0.042272338810200864,-1.233827780874805,1.5114915124654196,0.08742938000492134,0.15981233,-2.600857,2.9918163,0.4963716,-1.1368683772161604e-17,-4.269167797784219,3.873129828956548,0.9999749973668659,0.8426419451802217,-0.0017818686298444774,1.402957974177918,0.096643785475441,720,-0.008728632,3.9565582,0.0028362353,2.25,1.0,0.0256677843610992,0.7358765583129405,0.6800547494091773
1099.8007471778049,5000,0.04144911820566725,-1.497974595258819,1.603502281841298,0.09634041806324228,0.10103522,-3.0259647,2.9322853,0.55776507,5.684341886080802e-17,-9.669120557556958,3.269598094540791,0.9999817482642728,0.9032425158352766,-0.31432300947159886,1.6015009413208336,0.24734942625225498,725,-0.007441651,3.9383702,0.0025547917,2.25,1.0,0.04756316123656296,0.828403274782882,0.8006864299878751
1180.8997464537401,5000,0.049056043433772074,-1.3298995127479105,1.4547150464311294,0.0894995707828453,0.15822569,-2.618044,3.2917538,0.51130724,-2.842170943040401e-18,-5.668404052438954,6.554406884515599,0.9999782637302759,0.9729650887988494,-0.004350768426798298,1.5089682567257603,0.1109310073408294,730,-0.00946835,3.9238396,0.0038237914,2.25,1.0,0.02459614222651211,0.7858186726442452,0.7614809693903479
1021.9275224491888,5000,0.03979118821095774,-1.3144435749723897,1.5824885115165148,0.09441189203650363,0.1130449,-2.9915655,2.8935204,0.5407732,-2.2737367544323207e-17,-9.292209219263446,8.753122496743654,0.99998391877434,0.8329419002668528,-0.34926992090910475,1.4589857229397747,0.18299732006314406,735,-0.010228136,3.9281344,0.003757646,2.25,1.0,0.050853908511831546,0.7258313418574183,0.6607156228747577
889.3437311039403,5000,0.03395552434087536,-1.2908359923988997,1.460821363683516,0.09618020352532042,0.090129934,-2.992824,2.984692,0.5605497,-2.2737367544323207e-17,-11.03962406487851,5.760317851763894,0.9999832840142945,0.7240724025580818,-0.3564438038693315,1.4148360559569546,0.20643324682437297,740,-0.009132067,3.888074,0.0030097472,2.25,1.0,0.04528447465434538,0.7825681295523537,0.7274675260180217
1052.2956548353961,5000,0.04319358949856158,-1.4788733839696284,1.3847614140970153,0.08952176723425309,0.15429544,-2.8029413,3.3881345,0.5100253,8.526512829121201e-18,-6.050399142576414,3.7338136330724323,0.9999804771924385,0.8727459862744814,-0.11334418280789184,1.4585144114043493,0.1196542205925778,745,-0.0081399735,3.8788614,0.0024646947,2.25,1.0,0.01997109377037272,0.8386507773658081,0.7194922564823213
1084.3630547500447,5000,0.04440849343567837,-1.2537616701322352,1.4258077422110853,0.08901710885539278,0.15689763,-2.9211898,3.2059257,0.50673395,1.1368683772161604e-17,-3.9127656031672253,12.298797204397534,0.9999786246099346,0.9014045224320646,0.003604735923614388,1.4324079660453966,0.0922087127727078,750,-0.010138345,3.8887348,0.0033752732,2.25,1.0,0.020216133439607438,0.7824034389715749,0.7325600619778201
967.0548733681256,5000,0.03360558096563863,-1.1199578412224167,1.5092286149622887,0.10045873614739745,0.055656034,-2.8476586,3.093256,0.5918872,2.2737367544323207e-17,-8.375490034454343,8.733309571260072,0.9999853821143814,0.7623353067893464,-0.33077787858993535,1.6244858673646143,0.310630219849408,755,-0.010468914,3.8811793,0.0041578324,2.25,1.0,0.062049875964256214,0.8003093068895152,0.7501774011012443
942.44764404904,5000,0.035196850712958985,-1.2248911719310671,1.7867977684887963,0.09610878190798923,0.083529234,-2.9182818,3.2236443,0.56117785,3.4106051316484806e-17,-9.314708870222065,6.461354337649357,0.9999836955796936,0.748568375437783,-0.3309807285315546,1.4491994329416609,0.23225898736194522,760,-0.007995602,3.8703265,0.0026238386,2.25,1.0,0.0542951573683368,0.7712704815937592,0.7248765839528324
927.710627444639,5000,0.03455202862162324,-1.2349405499421802,1.356434208620716,0.09416815022229724,0.09602873,-3.066975,3.0350914,0.5442025,1.9895196601282805e-17,-9.045746038784772,9.356300471459907,0.9999823320751015,0.744111803035353,-0.38315991968917806,1.396888301661431,0.21527826091358573,765,-0.008250492,3.8715148,0.0026606664,2.25,1.0,0.03783326409322255,0.824694794300388,0.7823980910516259
999.9767211328799,5000,0.03588220676861955,-1.2157195131239753,1.5334506527842664,0.09838629576353611,0.071304284,-3.0509248,3.0249286,0.5753001,2.2737367544323207e-17,-8.996252759818049,8.922990635097499,0.9999855641720001,0.7806226811451921,-0.3750082856655343,1.582033136668725,0.32278870415069305,770,-0.00906709,3.862527,0.00275289,2.25,1.0,0.049961955049884224,0.8537154147726146,0.7667508787683454
1178.6252913031117,5000,0.047838940502115866,-1.3589717445675833,1.5094836098174897,0.08904113470144354,0.1578805,-2.797512,3.460434,0.51109713,-3.4106051316484806e-17,-6.313653202084623,10.1688977880763,0.9999831040761442,0.9617815965970363,0.004268592200878406,1.5428790786621658,0.13409192100010206,775,-0.009951368,3.8352113,0.00401041,2.25,1.0,0.025191306452294643,0.8202349096557902,0.7539676639574193
1248.882570058433,5000,0.04945235800052507,-1.2297171532140616,1.450306138506724,0.08992614475169801,0.16186196,-3.042565,3.079555,0.51903665,-2.2737367544323207e-17,-3.4194108178294735,5.177267564076174,0.9999818273643377,1.0262801025358574,-0.005423250509334128,1.693333877138578,0.1377498242927587,780,-0.008326918,3.8284454,0.0028010085,2.25,1.0,0.03450617150963757,0.7549427810276444,0.6662372780382467
907.3999976646198,5000,0.03203707197710048,-1.1962954342169163,1.4327868041228737,0.09755520052009868,0.06441226,-3.074253,3.0253503,0.57615227,-8.526512829121201e-18,-10.509026706670227,2.786334154558608,0.9999821206743436,0.7166130790143463,-0.35289849085188496,1.3538112786521415,0.24778006222365853,785,-0.008092748,3.8115177,0.0025804623,2.25,1.0,0.04085375171407473,0.8454385027483731,0.7842471407573329
1161.2748140131455,5000,0.0459223936364157,-1.3823933299852245,1.6712156503421567,0.08899223086212539,0.15387791,-3.0162892,3.2336085,0.50456214,1.1368683772161604e-17,-3.407966031929795,9.748676809117235,0.9999800942408823,0.9762506978339472,0.0008232506928370646,1.4871952921640934,0.16731745011150143,790,-0.009580622,3.808939,0.0030719782,2.25,1.0,0.0229987292796092,0.8692464742134398,0.761551481128328
1272.2812916928553,5000,0.049706819741776244,-1.2529975866918033,1.4822565529299034,0.08868223335076977,0.16482995,-2.8098643,3.0770614,0.50249654,2.2737367544323207e-17,-3.4379362279711967,6.880522564207109,0.9999791734580733,1.0340146004248418,-0.0008568660075449096,1.6352021013614193,0.12409121924538803,795,-0.010437415,3.7835464,0.0032847908,2.25,1.0,0.023214660927977512,0.8129248594937131,0.7455382080954782
1264.3314479200499,5000,0.04909070223026838,-1.3384112052240016,1.3348597603141672,0.08964269458775907,0.15867566,-2.8107824,3.0996299,0.5062037,-3.126388037344441e-17,-3.9137248354375216,7.726881187719148,0.999975370430887,1.0064205486998674,-0.025571784365077132,1.5929301204280863,0.15100622695571222,800,-0.008231511,3.786242,0.0027771606,2.25,1.0,0.016223053324986008,0.8930908890961283,0.8600590236012569
982.3983446577888,5000,0.03516222725909269,-1.183177670609633,1.3692178962466752,0.09562663923137217,0.09120529,-2.7745957,3.087381,0.5623279,-5.684341886080802e-18,-9.753363168310859,6.951202568334228,0.9999834049943239,0.8123315705691687,-0.42364155563873807,1.4472087129835263,0.24401508900997188,805,-0.008443033,3.7843456,0.0027405198,2.25,1.0,0.05279334664413295,0.7868714732108416,0.6920267826481904
1021.882341170792,5000,0.03608962624685729,-1.2761513869349168,1.6961986980588084,0.09842507768757772,0.08209203,-3.0188017,2.886373,0.5818541,-2.2737367544323207e-17,-10.925899713348665,4.453768365210561,0.9999829921918543,0.8124684191198154,-0.43465235264763386,1.6296928275707856,0.3144199048075164,810,-0.010459426,3.7940927,0.0034323356,2.25,1.0,0.04989929202595615,0.8425122346175737,0.8123826751336162
1187.6160613585885,5000,0.046361984736154174,-1.257851044970671,1.4682840815596743,0.08920477871567072,0.15182711,-2.704701,2.9528036,0.51358336,0.0,-3.4248362378054935,8.242838098707306,0.9999782501483996,0.9684361613606725,-0.002140304904995391,1.5415766087131395,0.1107236981345014,815,-0.008299914,3.7930617,0.0023109626,2.25,1.0,0.016093682386625424,0.8546540783299746,0.7334412093783976
1342.2888302151991,5000,0.0506815755644415,-1.1123146020178616,1.425582632595933,0.08903900966179243,0.16213986,-2.6908727,2.8828626,0.51516515,7.105427357601002e-18,-3.2158014724592467,14.342624597266298,0.9999766665577284,1.0895940521113086,0.004878257921249547,1.6938499627953651,0.1256427202813824,820,-0.011100933,3.76119,0.0041735694,2.25,1.0,0.027034056782498858,0.8128370728188803,0.7287206755550011
1110.7772798404872,5000,0.03944682881702459,-1.3516944783495992,1.2913429823909413,0.09599116594888685,0.101275735,-2.9549577,2.9505706,0.56572026,1.7053025658242403e-17,-11.891220954146661,2.7000974749469275,0.9999815695428939,0.8815320331716979,-0.3659650054366939,1.4999814352180874,0.26265820128326495,825,-0.00890721,3.7428427,0.002810418,2.25,1.0,0.032840728959842094,0.8865291928626382,0.8618929900006032
1227.2590005034292,5000,0.045317011773924235,-1.2989065073582482,1.465678281270327,0.09250670053538569,0.12322068,-2.7481527,2.8094177,0.5436565,-2.2737367544323207e-17,-8.964954470147028,7.9972991039034955,0.9999831912244407,0.9933772791146984,-0.3235101943524484,1.7556148334963828,0.23806056401749828,830,-0.010075153,3.7511072,0.0035601396,2.25,1.0,0.04626967945874846,0.808747945246056,0.7317517238808684
872.266687375246,5000,0.02530348991632151,-1.2904431726413501,1.457697212300329,0.10055229993126441,0.0021890544,-3.4696198,2.997437,0.6055026,-5.684341886080802e-18,-9.074617890632508,7.163867437855189,0.999987115267037,0.6715788371725494,-0.4151737310516004,1.7735018336264619,0.5157968637233497,835,-0.00914307,3.7124515,0.002847862,2.25,1.0,0.08674967675503903,0.83186867806891,0.7621122344925575
1225.9443771455578,5000,0.045799059937498034,-1.209899568577548,1.4639563666965965,0.08798966453026964,0.1447985,-2.7410913,3.237868,0.51789695,2.842170943040401e-17,-5.774681104091238,6.937420506843667,0.9999840683386039,1.005279927656586,-0.17033118899132105,1.5508101305783273,0.16434318552012772,840,-0.010448676,3.6902122,0.00372686,2.25,1.0,0.036406417231118475,0.7787167891057805,0.7282046453650081
999.3043104271558,5000,0.03386047149971831,-1.142457220454895,1.4659223432035335,0.09446775244446831,0.073476836,-2.9835615,3.2677288,0.55319315,-1.1368683772161604e-17,-7.852780919987305,10.032992674239148,0.9999882199710591,0.7925433310568705,-0.39104593076779903,1.479880993549845,0.2692365802255387,845,-0.011106652,3.68707,0.004281581,2.25,1.0,0.03938469957765016,0.8565324801514853,0.7546797045604737
1184.448658975079,5000,0.04340987471004108,-1.1711880920725741,1.6184922745821484,0.088003353554151,0.13765949,-3.0663116,3.1984692,0.5118207,2.842170943040401e-18,-8.37769089245219,14.68818598214682,0.9999769169479678,0.9730302376162042,-0.17649144040750733,1.5673394070170035,0.14785005198816253,850,-0.0105095785,3.6734233,0.0035585412,2.25,1.0,0.02350581219712987,0.8524687937976922,0.8294535159720635
1393.752912642114,5000,0.05067870626486223,-1.1609592651313014,1.5340406805942048,0.08850196815572159,0.15385893,-3.0729003,2.7430754,0.5148716,-4.5474735088646414e-17,-8.657479609260935,4.364178894480611,0.9999748174424502,1.1433161764547803,-0.0966757570005569,1.6459088315081791,0.17459066574410687,855,-0.009652752,3.687132,0.0034336357,2.25,1.0,0.029756462779455192,0.870329405363483,0.8164427183031409
577.425254646151,5000,0.010384303846247504,-1.1568131216944326,1.5971138821207962,0.09833670065869832,-0.079509735,-3.2933815,2.8798003,0.60448396,1.1368683772161604e-17,-7.929058858038713,3.1356867490979083,0.9999874565573111,0.4019386464660399,-0.39761476630078474,1.4006143761857677,0.39011659889625255,860,-0.0091807,3.690401,0.0025517156,2.25,1.0,0.08017973265080791,0.8290935573510052,0.7486787971955682
1258.2463240780903,5000,0.04561131628572416,-1.1301240807465271,1.502302116597677,0.08740237998981279,0.15026918,-3.011176,2.8318663,0.50516605,-1.4210854715202004e-17,-3.4402977670803376,11.766200690939783,0.9999825983837818,1.0321922090414968,-0.002289550349002811,1.5965236603182258,0.1240649576519309,865,-0.010735314,3.7017117,0.0038079629,2.25,1.0,0.03551321853980638,0.7527465605645676,0.7123437021602339
1182.3512586002312,5000,0.03983434123678879,-1.2203825207530012,1.6951659308106424,0.09352036884703688,0.08686168,-3.15928,3.132777,0.5610166,5.684341886080802e-17,-9.971919802528854,6.66752677448181,0.999983393394544,0.945582516996862,-0.3977973495652081,1.6972761379921213,0.3467364444151925,870,-0.009712637,3.7030458,0.004045679,2.25,1.0,0.05240383987231844,0.8561528363654465,0.7928130829286154
1356.0419263687709,5000,0.04862583830301479,-1.2311802699103807,1.8734625989677915,0.08724972711069151,0.15223894,-3.0069234,2.9755244,0.50061524,-1.1368683772161604e-17,-3.136869550250488,11.171583618321733,0.9999852669522105,1.1063293484734171,0.00415116633739688,1.6851072514829912,0.14842205813536452,875,-0.008437749,3.6908226,0.0030109822,2.25,1.0,0.029492711927793215,0.8030448494313098,0.7057982146891695
1131.7084303327824,5000,0.036752226643149415,-1.4589413513173766,1.4448956938357642,0.09440844224325154,0.078128025,-2.9127135,2.832634,0.5664,-1.1368683772161604e-17,-7.91688867706514,7.827822744035578,0.9999870428487325,0.9092601065437815,-0.31834364918908103,1.6560043764714425,0.2991153951516796,880,-0.010333856,3.689138,0.004036329,2.25,1.0,0.05717933294395293,0.8123300363537539,0.7577418570178117
1138.6739133536898,5000,0.03739546188400421,-1.1749367372849224,1.5198063957112986,0.09383987793855912,0.08545624,-3.0160127,2.9156604,0.5652551,-2.2737367544323207e-17,-8.280700373250864,6.342569109105549,0.9999845665657733,0.8845497900132923,-0.2895077809937003,1.7067204012401527,0.31772850823846005,885,-0.011421915,3.6771693,0.0030860023,2.25,1.0,0.06531370055055133,0.7972209367847756,0.744997155044828
1358.1680503116975,5000,0.048880253622152446,-1.2292073942024204,1.4495550260916779,0.08725464447845431,0.15110204,-2.7924128,2.9844995,0.51402074,-3.4106051316484806e-17,-3.7115873851606085,7.1408323363843165,0.9999795904459791,1.1007223674691777,0.0026078663198940174,1.7253078796409167,0.15173068792256,890,-0.012641863,3.6613379,0.0047808425,2.25,1.0,0.021724025575093772,0.8719404605407497,0.8275127915879247
1336.7144508126282,5000,0.04777422938646813,-1.1758496706836994,1.470451062742583,0.08656550581768546,0.14858626,-2.6303532,2.9290059,0.5044138,3.4106051316484806e-17,-3.297339621478085,9.293396813449922,0.9999798164429033,1.1107105903789285,-0.0022327531486521363,1.7448787400372923,0.14028366909406062,895,-0.010405105,3.6571689,0.0039649657,2.25,1.0,0.016798040660280004,0.8804533303938702,0.7851253246346582
1383.6849525317905,5000,0.04795398532297529,-1.125703756877288,1.4867102835892967,0.08793863506301952,0.14322293,-2.8245053,2.8694239,0.51134163,2.2737367544323207e-17,-4.253004065037165,13.533812230410785,0.9999769305114221,1.1437901990258639,-0.028995621331825865,1.9036812089851787,0.18016078790916193,900,-0.009644279,3.6181917,0.0032558374,2.25,1.0,0.030320674466325453,0.8323310664221021,0.8045642225320854
1399.8675689309493,5000,0.04885873834964494,-1.1770329320428836,1.4476016921354509,0.08640461566960664,0.14932883,-2.661469,2.982801,0.5040618,-2.842170943040401e-18,-4.266955034803546,4.258916952309011,0.9999753391314294,1.1368579802781966,0.003715090674825834,1.6404279385619853,0.13499888537006283,905,-0.010361884,3.5944557,0.0034127014,2.25,1.0,0.022497892556343872,0.8334148411528776,0.8188166425553438
1381.7284194020438,5000,0.04790344557776696,-1.2347846646455736,1.4557040299735657,0.08754215969237406,0.14631516,-2.7331986,2.9961848,0.50518584,-4.5474735088646414e-17,-3.1849067878614448,4.890829943389399,0.9999751960170379,1.1495252686286221,0.002011602803398798,1.8559655193901654,0.15101292257093238,910,-0.009755777,3.5805454,0.0033473736,2.25,1.0,0.02166583282887495,0.8565653664199857,0.8373673845116333
1055.6661499717975,5000,0.030209988404541328,-1.2320850930207905,1.3809777839150186,0.09671964450513418,0.034432072,-2.876173,2.8520508,0.5872864,0.0,-11.09040692889588,3.1812834667046244,0.9999836695721686,0.8603576185845424,-0.4237499589152317,1.651409498559129,0.45971541240644276,915,-0.010269643,3.5765758,0.0033972035,2.25,1.0,0.02416530761918735,0.9475133517954314,0.9013487346009841
1089.7745411588235,5000,0.032707768049729205,-1.0996978984676462,1.5129496462944234,0.09538868185000735,0.04449812,-3.3453252,3.309931,0.57600445,-1.1368683772161604e-17,-10.866031773878325,10.238771196330426,0.9999846481766299,0.8688786329446293,-0.37832103004845663,1.7405321613223783,0.4069116446654663,920,-0.01211519,3.5517783,0.004244764,2.25,1.0,0.037031520908621336,0.9096014741781512,0.8841796021396293
1037.0459242292613,5000,0.03125996181411407,-1.426657591069896,1.4926555059458175,0.09606367945210782,0.04956867,-3.2163806,2.8391469,0.5871004,1.7053025658242403e-17,-10.464270261765662,5.816689522873219,0.9999853741363273,0.8157969014304646,-0.3506089300034328,1.5992866548084894,0.3519600328133462,925,-0.009421276,3.5593019,0.0030252195,2.25,1.0,0.06705922327446323,0.8158292040622239,0.7733425678825077
1420.317383663752,5000,0.04925026864743068,-1.2673286531667218,1.4166201063292272,0.08733418913801694,0.1479338,-2.674493,3.0605989,0.51479024,-2.842170943040401e-17,-3.4978272604040037,13.803418983042505,0.9999781395777166,1.151676903598788,0.002777048304876078,1.7199663134769383,0.17792342431910307,930,-0.010621538,3.5496502,0.0033175475,2.25,1.0,0.03501520647884755,0.8272544826960683,0.7804197337607675
1441.8838180612215,5000,0.05026699739522324,-1.1495647511785507,1.2531564963340887,0.08681395717783229,0.14913319,-2.6844985,2.958209,0.51583755,-3.4106051316484806e-17,-4.265634904615203,10.43190604034158,0.9999781007361975,1.1731567743567257,0.006107613960118846,1.7055738267528668,0.13471654336957153,935,-0.014726396,3.5599737,0.005790791,2.25,1.0,0.022508473773220142,0.8378425600280618,0.803842396490066
1218.353463718244,5000,0.038556930180901006,-1.2344288691106395,1.5628336634420503,0.09333530814032415,0.08397381,-2.9819243,2.6934276,0.5610793,-1.1368683772161604e-17,-11.489702701571698,2.201415270107912,0.9999832349751727,0.9785723895057976,-0.3791972771908589,1.6697939814446094,0.3223386513722071,940,-0.011455642,3.544426,0.0030726052,2.25,1.0,0.05289612478349921,0.8385773586991148,0.7891642941107255
1269.4345155432015,5000,0.038510726620133474,-1.2015206593963073,1.5019379326017706,0.09504935744665283,0.07245391,-3.2366805,2.9396658,0.5748582,4.5474735088646414e-17,-11.7992503393165,3.313340876144424,0.9999828596451623,1.0053826719199173,-0.3598394446240159,1.9505879417351297,0.42171537680184745,945,-0.008203382,3.5193715,0.0026764348,2.25,1.0,0.06391143950440113,0.852042488611166,0.8224363901657892
1287.4815739339676,5000,0.04164389045330863,-1.2539739582219607,1.4853684541291248,0.08889099729634962,0.11307175,-2.7093253,3.0283241,0.5299962,-1.1368683772161604e-17,-8.944109340780342,11.348041566210311,0.9999852258221028,1.04926996822982,-0.3207531121608496,1.7937390207080066,0.2744045828960618,950,-0.009453992,3.5271955,0.003176562,2.25,1.0,0.050581609851042715,0.8199929294380495,0.7718079404751246
1468.0029684997128,5000,0.04996297895739355,-1.1707249425888784,1.3225275005989465,0.08712835943336718,0.15221518,-2.9233582,2.8190992,0.5116039,5.684341886080802e-18,-3.888913755767523,7.8081846893719495,0.9999839267077066,1.1910768236712097,0.004407256295233655,1.9300644501864674,0.18259554533826244,955,-0.011774068,3.5302324,0.0045592715,2.25,1.0,0.021916646368205762,0.8847775240319331,0.7904232254266257
1504.9365406610386,5000,0.050532561776110214,-1.1464081400843265,1.390029005715394,0.08647883774292174,0.15423939,-3.159255,3.1559796,0.508757,0.0,-4.712866760450042,4.292549871893724,0.9999773566458463,1.242509683291814,0.004013168668811549,1.7773036015823311,0.15500946595858514,960,-0.010215095,3.5270996,0.0037768173,2.25,1.0,0.017377915718179104,0.8890138563180918,0.8403500690128392
1410.9970407090675,5000,0.04814430023938104,-1.1445017619996243,1.34145230091542,0.0867157183564369,0.15357023,-3.152555,2.8298786,0.5176068,1.1368683772161604e-17,-3.266207337410522,4.783369128719623,0.9999735932274041,1.169413059889232,0.0011342159453425903,1.8220380847233468,0.15885472803674006,965,-0.010474245,3.5208197,0.0037510216,2.25,1.0,0.02197907816255974,0.866869264462393,0.8497413047827115
1548.7422673785381,5000,0.05198275281533895,-1.213559343780336,1.521001348306078,0.08733816909228911,0.15815534,-2.5953753,3.080873,0.52415353,3.979039320256561e-17,-3.5500563139552246,5.846659962034855,0.9999718320467946,1.281233549665955,0.002694316520527425,1.892986122965411,0.1821610406981875,970,-0.011388778,3.5157747,0.003855603,2.25,1.0,0.019231797640556294,0.9057342134718016,0.8846118827527474
1265.7866409064086,5000,0.03846016327354097,-1.345018163999111,1.5635018255071855,0.09484053078314264,0.083498016,-2.7032418,2.9063883,0.5837921,6.821210263296961e-17,-11.684588919775758,2.218600076955345,0.9999858879703452,1.0290078974110841,-0.43378503298656634,1.856678817853753,0.4171868829611053,975,-0.011709033,3.5051837,0.0031891803,2.25,1.0,0.0802873731808194,0.8088575795726098,0.7599989379678611
1237.8824430191912,5000,0.03607475345685462,-1.120921149118803,1.2265069012389131,0.09484653621825373,0.06649696,-2.8868032,2.8632414,0.5875142,-2.2737367544323207e-17,-9.65273225065407,3.586860457745344,0.9999859201831055,0.9715642730897116,-0.3469653614406432,1.9367230259974757,0.4399994176110923,980,-0.008928793,3.4909372,0.0029016938,2.25,1.0,0.06696193680947793,0.848211585303374,0.804632891273225
1494.3924789971159,5000,0.04994497240458207,-1.170857170538415,1.3931402859052038,0.0862649392141254,0.15317361,-2.911755,2.9206824,0.51752955,-5.684341886080802e-18,-3.5121139617745007,6.866732794504881,0.9999856493338705,1.2368734489278015,-0.0010089119533312342,1.9375439819599471,0.1580047350312563,985,-0.011768799,3.4611368,0.004110592,2.25,1.0,0.02499001689222053,0.8487788931440643,0.7495437911254015
1324.659186718846,5000,0.04184296168808073,-1.214298613349082,1.367811441447803,0.08981429494134915,0.11870797,-2.8763013,2.9946847,0.5548716,5.684341886080802e-18,-9.941752008963345,6.480076628087022,0.9999837975979442,1.06217790959604,-0.27624596106714766,1.611478869219863,0.221755824163853,990,-0.010555085,3.4321966,0.003691255,2.25,1.0,0.045162196651707266,0.8096170931234812,0.7611893230597226
1475.776699591072,5000,0.047868486132876115,-1.1792901701994623,1.360540868539795,0.08499140838930203,0.15410794,-2.5921872,2.6848283,0.5095163,2.2737367544323207e-17,-3.5292161511526663,10.880641592869052,0.9999785382265801,1.2147315044393736,-0.01188256456610121,1.9633875591241237,0.21092754880578882,995,-0.009494624,3.4329333,0.0031102626,2.25,1.0,0.025919790184730136,0.8913180329050987,0.816430813738558
1268.6434670996418,5000,0.035299099664507436,-1.1730423240296344,1.4325103167767008,0.09679466987333031,0.059510384,-2.6667237,2.9756985,0.59502345,1.1368683772161604e-17,-12.274013866411142,6.1134579306131,0.999984562616411,1.014696534967689,-0.4288560573741643,1.8207918610160967,0.4832975513503854,1000,-0.009272587,3.4341369,0.0030824367,2.25,1.0,0.060657345114800504,0.8747496674878217,0.8522006619784023
1461.6842494911057,5000,0.047039366767316924,-1.296408793062268,1.4737946479635777,0.08933625053317007,0.14893652,-2.7627225,2.9512048,0.5294827,0.0,-5.575554657623179,12.01221246249502,0.9999789838069477,1.200798003760177,0.004407803843035371,1.7745645971148438,0.1661452061947386,1005,-0.011208073,3.4364462,0.003551779,2.25,1.0,0.018886300817981004,0.8877412223632939,0.8473124409935009
1356.6448696925515,5000,0.040793043835728314,-1.1168859294876337,1.385361980422046,0.0923220260572783,0.096220195,-2.933732,2.7299914,0.5727202,1.1368683772161604e-17,-11.267047561509097,6.656316128555149,0.9999839765161767,1.079866197891367,-0.33504168521758554,1.854400675134361,0.3186517976704832,1010,-0.00793639,3.4362102,0.0021056726,2.25,1.0,0.0413750516880286,0.8713988171691771,0.8231271879032099
1436.038088437647,5000,0.04661531725691193,-1.3079198725947718,1.4678253946092927,0.08809138610028698,0.14554134,-3.0976667,3.120739,0.52940255,-2.842170943040401e-18,-2.73457307682374,16.444267016608855,0.9999765429856757,1.1840521932132506,-1.6685465177261064e-05,1.6904328947355682,0.13559949049738054,1015,-0.011062187,3.4113455,0.0030651146,2.25,1.0,0.018830007515192176,0.8629200272213482,0.8260912374189954
1553.56368398631,5000,0.04898674755864072,-1.179682403348919,1.5877787331016633,0.08660964189122716,0.15537214,-2.6750991,2.818058,0.51757145,-3.4106051316484806e-17,-3.274250262894294,6.970928387890111,0.9999756675692535,1.2685666437728533,0.0013791550299853282,2.1617063487558994,0.23918785009084687,1020,-0.009785904,3.4092345,0.0032376968,2.25,1.0,0.03860679611994249,0.843827564963259,0.8022644450092378
1620.8163259205044,5000,0.05201677468706925,-1.196791743183327,1.4526839158713083,0.08776199870789175,0.15805879,-2.5839798,3.1149986,0.52839637,-4.5474735088646414e-17,-4.948693060365367,4.346510719165059,0.9999768017873103,1.3461757950187203,-0.00022416533622322314,1.993360877467875,0.21697466066522456,1025,-0.011018313,3.4001012,0.0039355294,2.25,1.0,0.01921022436227922,0.9183304784225667,0.8904741511588098
1550.8336091975557,5000,0.04954736429338519,-1.2044915752248566,1.4439445788036773,0.08800791768344957,0.1486138,-3.053885,2.9558191,0.53323454,1.7053025658242403e-17,-4.393029276202551,4.672734420925996,0.999976995087876,1.2827994266760736,-0.017739641104402765,1.8786594151026101,0.20468826317556427,1030,-0.01038477,3.3758888,0.0036879787,2.25,1.0,0.02474893006144268,0.8875441708464467,0.8611319047098982
1410.7954849365196,5000,0.042497767351954215,-1.2221044418883855,1.3591148897554708,0.09343100403359765,0.104091495,-3.0988865,2.9353876,0.5751782,1.1368683772161604e-17,-9.393202505832994,10.106404405458026,0.9999848923006255,1.1308518265150356,-0.33525689995721963,1.9101528315724468,0.3181610858114624,1035,-0.009597834,3.3598742,0.0028892788,2.25,1.0,0.05084339957864357,0.8411905384279843,0.7843954494457538
1545.5600347382872,5000,0.048733204150125886,-1.2747924404307156,1.313379849017166,0.08859220658661623,0.1305132,-2.8798592,2.8446982,0.538618,-4.5474735088646414e-17,-5.776407580729318,7.875238851234621,0.9999815462171964,1.238698712957791,-0.18699606169998875,1.9845142320855087,0.26215312652277223,1040,-0.009926203,3.3490586,0.0028190475,2.25,1.0,0.05219353924545161,0.8050441463670004,0.7569217970883679
1589.1491241509661,5000,0.051338095156658485,-1.2177707472222046,1.696364919604793,0.08650094122779235,0.15401599,-2.8025703,2.873307,0.521272,5.684341886080802e-18,-4.443311920874056,6.856975074022381,0.9999796579797098,1.3035057876055922,0.00043019390851129716,1.9319921242070115,0.20922590287342155,1045,-0.011151362,3.3431273,0.0033809189,2.25,1.0,0.02614022705417982,0.8755880400655689,0.8225305334780209
1439.2084905127533,5000,0.04222843296829241,-1.150111547309844,1.391126724739181,0.09513548443929541,0.093285866,-2.681433,3.0665317,0.5814178,2.2737367544323207e-17,-10.647731889126016,6.816488918533386,0.9999857104571401,1.1421096842646643,-0.3226857390394683,1.9611501225177235,0.3716512476369513,1050,-0.010229185,3.3288145,0.0034132453,2.25,1.0,0.06012231253385278,0.8418204375051598,0.8126783872827352
1507.5638382218535,5000,0.04671174007941838,-1.183655263783668,1.401480738035638,0.09061317770471372,0.1324377,-2.9620185,2.6348128,0.5396442,1.1368683772161604e-17,-7.030706655875089,4.079856386284897,0.9999809877189657,1.2736514867829682,-0.20967591297522073,1.9751604420668973,0.2394696047607066,1055,-0.011641847,3.3158216,0.00380702,2.25,1.0,0.03911527268749977,0.838374826171467,0.7945815584565254
1526.3367373271183,5000,0.04900172571583651,-1.3864623319694567,1.5768129750291575,0.08605816024982628,0.15628836,-3.3588068,2.8947372,0.5162675,-1.7053025658242403e-17,-4.084064774606734,13.329378078901179,0.9999777209055992,1.266288090430425,0.0020110659704074027,1.8149189588784556,0.18197524629357048,1060,-0.0102730915,3.276537,0.0034881881,2.25,1.0,0.020606297542064757,0.8869075694620088,0.8637571747021727
1586.122407863133,5000,0.04975110044219582,-1.2395673804008545,1.4422305154607775,0.08731730693798857,0.15221591,-2.9476404,2.8136559,0.51970655,-5.684341886080802e-18,-4.823944467551889,3.374772341081119,0.9999732474497436,1.342310220063952,0.0059896707420249475,1.8649986563820264,0.18624893363372175,1065,-0.010113563,3.282607,0.0034900836,2.25,1.0,0.015576804158215251,0.9235065718533957,0.9083541335272787
1581.3255768041436,5000,0.049762356516971785,-1.3072988401009746,1.2648303456488457,0.08779909054187758,0.15596269,-3.1015599,3.4975305,0.5261468,-1.7053025658242403e-17,-4.364214240448909,4.043102422793904,0.9999741771300167,1.3139353560171854,0.0014195562678688712,1.82375505616546,0.17760991881394927,1070,-0.009537356,3.284367,0.0033073905,2.25,1.0,0.01712508951266486,0.9035896250676213,0.8834868876343808
1590.963126929446,5000,0.04969663508659316,-1.174445370194362,1.590528319911992,0.08784556970107958,0.15365,-2.7230015,3.1431572,0.52335316,1.1368683772161604e-17,-4.988912567731602,4.7960090849147345,0.9999746027896139,1.3088155306781646,0.003168382983776101,1.9422133337986758,0.19758916778572388,1075,-0.010679865,3.2866545,0.0034077968,2.25,1.0,0.02463791539244046,0.8754757732900977,0.8609345808484089
1672.683371953118,5000,0.05260055326761763,-1.1859911868409359,1.573376457023322,0.0886287594501133,0.15395172,-2.708984,2.772469,0.53596056,0.0,-4.361031492812379,10.927831122855169,0.9999765294270768,1.3522841762364626,-0.00010299164410520265,2.019752501298888,0.23281005903938812,1080,-0.01098177,3.261549,0.0032179076,2.25,1.0,0.021770987029438738,0.910431147654667,0.8878749835568341
1519.9402807605898,5000,0.04458897541618417,-1.1144832012669257,1.3737902057629625,0.09246208451292003,0.1111105,-2.8953385,3.0377069,0.55045813,-2.2737367544323207e-17,-11.498383196530593,3.6413520338436816,0.9999827347855733,1.235808340578919,-0.2707399352046951,1.9171239190853986,0.34168461885671353,1085,-0.009484932,3.2437477,0.0030992553,2.25,1.0,0.05354576012811194,0.843585854732936,0.8213438844704717
1577.3143175758928,5000,0.04935024153588897,-1.1493887971307357,1.6395848654551946,0.08826874736594427,0.14979175,-3.387465,2.8436272,0.5306931,0.0,-3.3622413524900687,4.841793564928777,0.9999773143642767,1.3257383180962814,-0.002781899215271721,1.9658620411876877,0.1686851097154904,1090,-0.010944799,3.2346153,0.0037856002,2.25,1.0,0.0241756401070004,0.8567706224468856,0.7863105005601586
1613.2388797242781,5000,0.05011919179998306,-1.2079543936851596,1.4047254132810343,0.087264206599301,0.1526436,-2.8290594,2.7970462,0.519149,5.684341886080802e-18,-3.1102062065409046,14.978942453979956,0.9999798409289893,1.30865916816973,0.004258921466817643,1.9941208828389476,0.21280836173519205,1095,-0.010134544,3.2274418,0.0030453198,2.25,1.0,0.02476015428351031,0.884426419794257,0.8454469074178798
1522.4331467557815,5000,0.04437006677858306,-1.1454598670342506,1.6232497306944447,0.09360147034762341,0.1139345,-2.9844022,2.9819493,0.56352776,-3.4106051316484806e-17,-10.171024232889053,3.4481315791960507,0.9999840491237012,1.2193362867133686,-0.3040878185164431,1.9711624818726505,0.3251335613838354,1100,-0.012653594,3.2264175,0.004324511,2.25,1.0,0.04947251236182689,0.8479520251251689,0.7860153797253634
1720.773291136534,5000,0.05233795360911214,-1.307807467294783,1.5928784162450151,0.08756244496876876,0.15022026,-2.8931165,3.1385326,0.51907504,2.2737367544323207e-17,-3.0987212968315365,4.966021072787756,0.9999724765506759,1.3807907118706912,0.002446432385627647,2.1427762653159554,0.23369803167566688,1105,-0.010334918,3.1828747,0.0033300526,2.25,1.0,0.029135744832443133,0.8839986450766787,0.8695082789357612
1290.101984138136,5000,0.03314832461628811,-1.0834127364470507,1.3564116080170563,0.09578865499066197,0.06094988,-2.8516145,2.9230905,0.5844294,4.5474735088646414e-17,-11.47058125644454,6.5169765838672875,0.9999853648135124,1.031179362051217,-0.37199685726780574,1.9731956040768794,0.45042730782298696,1110,-0.010738648,3.1878633,0.0031178938,2.25,1.0,0.06883679094389544,0.8542307556333787,0.8137704924804872
1585.2235991861871,5000,0.04784162192347977,-1.1745983008582477,1.4844256229175554,0.08620915052803735,0.14472158,-2.76328,2.8777394,0.5122935,-3.4106051316484806e-17,-3.4536242161913675,4.615588816552257,0.999979285087344,1.2821425736963539,-0.11388554539010062,1.9519065085542515,0.23082710759522587,1115,-0.010776487,3.1645207,0.0036660072,2.25,1.0,0.027020410031946607,0.8832274547510164,0.8608551830852218
1638.3585001686583,5000,0.04909080834752141,-1.119647755743274,1.4129482028253966,0.08821082269438002,0.14560036,-3.1447136,2.9604533,0.5233719,-1.7053025658242403e-17,-5.79663279402592,12.819119574286384,0.9999822857800055,1.348275343360764,0.0052304326692757894,1.8488861941659291,0.1697376208576565,1120,-0.012639511,3.1415868,0.0041808877,2.25,1.0,0.02353055232046219,0.8736035943986435,0.8377583501324664
1529.5033744595535,5000,0.04379197351613003,-1.1601944590592093,1.3873212362823775,0.09009090651043301,0.110316314,-3.0647895,2.8038487,0.542859,1.1368683772161604e-17,-11.768866148784772,3.647245115960508,0.9999825706950797,1.2434309711996074,-0.2724910661850224,1.872625270985589,0.29148073795988666,1125,-0.010105678,3.1470733,0.0028600292,2.25,1.0,0.03888039622830754,0.8671988321076608,0.8292574810225269
1636.3266870349755,5000,0.047969370337211596,-1.161551729831453,1.2104598822384067,0.08756152286755066,0.14641362,-2.853396,2.7470722,0.5223076,0.0,-3.279543010894447,12.636426645846075,0.9999784436514204,1.3388254434548645,0.0030793677336421327,2.1034101411847526,0.1943543247942518,1130,-0.011089883,3.123506,0.003923029,2.25,1.0,0.02762871654887416,0.8580897038725328,0.8421070512720558
1316.2369048255518,5000,0.030702671143845867,-1.1987762846322059,1.4221213049931922,0.09849840040115036,0.028857611,-3.0591378,2.9042802,0.598815,2.2737367544323207e-17,-11.763295756814157,4.183125481106674,0.9999858869614705,1.077110095198562,-0.39779612002182113,1.9776629786935043,0.6158819514593328,1135,-0.013248959,3.0970688,0.004577263,2.25,1.0,0.03972814456256444,0.9359966654934614,0.90076388270768
1637.7386576913564,5000,0.04822845899489925,-1.455231562479929,1.4544644793000832,0.08662421412703199,0.14385481,-3.5225039,3.2005358,0.5140675,2.2737367544323207e-17,-5.029721360425409,9.73113664865079,0.9999800867869595,1.32879863227786,-0.011753747567998778,1.8907698689733938,0.20609329172019233,1140,-0.011615679,3.0912008,0.0036829917,2.25,1.0,0.027594806320590488,0.8670667638422315,0.834300299647023
1428.7647161044765,5000,0.03546916103683757,-1.161895340636487,1.4153279814925952,0.09635660124497535,0.059272688,-2.8896706,2.7667425,0.58046144,-2.2737367544323207e-17,-9.5567210312239,2.0969630388994176,0.9999861915112109,1.1222729475770628,-0.40103846781813884,2.0856252077602293,0.5496578300224585,1145,-0.011402712,3.1051679,0.0029478383,2.25,1.0,0.06830548912153582,0.875775927495214,0.8336446373665675
1451.6844624494631,5000,0.036515255430023395,-1.1537829616971234,1.5411334497823883,0.09798428420597184,0.054329157,-2.8811836,2.8809228,0.59551054,1.1368683772161604e-17,-8.482614939937363,5.347849792237808,0.999988567064064,1.1197435819107564,-0.30330346734372654,2.1476816791709723,0.5156709606880552,1150,-0.011157552,3.0715957,0.003336322,2.25,1.0,0.09287673287543603,0.8232193556026142,0.7484612846750175
1300.673877817843,5000,0.03363500460439272,-1.1441027520016427,1.4463458393971402,0.09573010739279914,0.06274372,-2.8396535,2.7927372,0.5848323,2.5579538487363606e-17,-9.016090806915066,9.10247451328686,0.9999891624208848,1.0315644454103492,-0.37300478713383783,1.8212052146411157,0.4668758239669583,1155,-0.013622229,3.072022,0.0046280203,2.25,1.0,0.07837920958841717,0.8333196266391559,0.7866828947058346
1517.7358145127716,5000,0.04133810308967073,-1.2312879838546607,1.4095235525436611,0.09248877300826737,0.10074175,-2.8314948,3.059629,0.560236,-2.2737367544323207e-17,-10.553757922430991,3.7178012593639793,0.9999853812761353,1.2244400042707877,-0.32747700257851914,1.9860722585730295,0.3979452305850612,1160,-0.012380408,3.084447,0.0035304336,2.25,1.0,0.06760285275236268,0.8327031472625748,0.801191024186449
1523.1226912425668,5000,0.04055116294723029,-1.1922056520270232,1.3662262880430938,0.0927058297692836,0.09287803,-2.7786207,2.9946651,0.5647575,8.526512829121201e-18,-11.412807977256776,7.292657992076166,0.9999827237783424,1.2162195022054827,-0.33697138613532074,1.8509234175677642,0.3560623771812259,1165,-0.009311679,3.0933862,0.0025467654,2.25,1.0,0.03613096512850278,0.8986667605435362,0.8810347012379611
1301.5822702717571,5000,0.033290965175666286,-1.0866727380309469,1.2789067176991835,0.09334563186444338,0.06268695,-3.037224,2.7836516,0.57362324,-3.4106051316484806e-17,-10.932670668302075,10.482846261981443,0.9999848866477259,1.0185753366411872,-0.3904822314344847,1.8078371422407848,0.4137194678140526,1170,-0.01230162,3.0916643,0.0040499205,2.25,1.0,0.05489338977547028,0.8754027137470936,0.8417640741639814
1693.6282952040042,5000,0.04898616739395449,-1.164175656141884,1.6988704745212628,0.08728223239375858,0.1408796,-2.694812,2.781538,0.5217233,-4.5474735088646414e-17,-2.697344231810599,13.72736251487186,0.9999799177227047,1.39469953546555,-0.007654770761316358,2.0190162873195656,0.2451190072056639,1175,-0.012294826,3.123085,0.0045213117,2.25,1.0,0.031966086284042634,0.8946651527076753,0.8220986866201752
1407.9489040745198,5000,0.03660596703481548,-1.249575821662583,1.460210864360261,0.09354972062701969,0.079969384,-3.0549045,2.810335,0.5717392,1.7053025658242403e-17,-11.157632426033995,9.459552573146496,0.9999873406782617,1.1193445457284896,-0.37554500530594787,2.0855959867842366,0.42112926605384127,1180,-0.032412745,3.1481714,0.012603011,3.375,1.0,0.07826292056368414,0.8200945344929041,0.7626231128345342
1595.5067554477494,5000,0.0461624950526581,-1.1293940582191377,1.5996739356297434,0.0868482797600186,0.1378195,-3.101842,2.7292967,0.5217931,5.684341886080802e-18,-4.447239109688234,12.356069994310083,0.999982049776546,1.2993109433997427,0.004153310015661706,2.1088680406248774,0.20126446356546476,1185,-0.0203016,3.1551838,0.005011662,3.375,1.0,0.023295106210721353,0.8861916389681669,0.8558373316193686
1134.6265611219374,5000,0.021714678570045852,-1.1926692286658591,1.2581991222572888,0.09818952088583993,-0.010068949,-2.8023386,2.841593,0.60539407,5.684341886080802e-18,-10.512525566533945,9.085416098691097,0.9999867167021043,0.8956021703689611,-0.38800184830126183,1.8538965656217918,0.608500495868506,1190,-0.008400204,3.1325226,0.0019094998,3.375,1.0,0.04454889902024937,0.9276032601333124,0.90122071206114
1785.0878248521192,5000,0.050570779555157847,-1.2207172914796938,1.434099248763341,0.08554026834376414,0.14475349,-2.8472247,2.7617028,0.51335883,4.5474735088646414e-17,-3.0732109938501595,16.868685863360135,0.9999767905343526,1.4665169209191964,0.001100948975302175,2.07974952124308,0.22533870853023508,1195,-0.007632124,3.1255026,0.0014003647,2.25,1.0,0.029447785926247423,0.9082017025852054,0.8741254514577425
1483.0664901138687,5000,0.03823769470892158,-1.2029923839029368,1.6407734663319293,0.09253117781954183,0.08308866,-2.9609106,3.059438,0.5661434,0.0,-12.327798897644742,8.94636105046862,0.9999854434371362,1.1911618982930066,-0.3633755727689107,1.9070816563333928,0.4265042955214893,1200,-0.011592523,3.1442776,0.003831656,2.25,1.0,0.05459124849812154,0.8799953979516827,0.8448616536501159
1646.8220488042232,5000,0.0467572522524469,-1.1547371957518278,1.7078175691471273,0.08682502259630295,0.13929953,-2.890869,2.8089237,0.52334374,-1.1368683772161604e-17,-3.0914347913967544,15.016786212683856,0.9999818135627505,1.3682150798717074,0.005126944491695501,1.9469920892942947,0.16859272533364203,1205,-0.011969521,3.1316643,0.0038864037,2.25,1.0,0.018736548640653286,0.890041810729328,0.8227040985629479
1746.410894651594,5000,0.04979520214682465,-1.1252902509858698,1.2535112399886734,0.0858642801366416,0.1470835,-2.927772,2.9317966,0.52137834,-2.2737367544323207e-17,-4.0499983467105904,11.625863832865226,0.9999774229576777,1.4402737830356473,0.00960157313847129,1.9715128787415657,0.1878870959416831,1210,-0.009458607,3.1051826,0.0030334857,2.25,1.0,0.017069483576288718,0.9144346315125395,0.8847862297681715
1574.1918849682384,5000,0.04368559253189108,-1.1926599471566806,1.4322920762644409,0.08537437911139639,0.13759677,-3.07149,3.0057075,0.5098643,0.0,-3.455875206071846,8.868389608674878,0.9999775414739434,1.2661139614365693,0.0014949352940037681,2.0277071705335845,0.18574949123913,1215,-0.011106883,3.0951633,0.0036073274,2.25,1.0,0.040040268369419825,0.8164405906508685,0.781604258915681
1618.3735541842352,5000,0.04533243038191809,-1.3008660399293268,1.3932367104778398,0.08643560873335734,0.1414017,-2.7241273,2.783876,0.51478297,3.979039320256561e-17,-3.3922365907419154,3.3027389706228307,0.999976160353771,1.330588005256238,0.005382832095313067,1.9630845232710479,0.20516119054801074,1220,-0.0097866105,3.076199,0.0034352546,2.25,1.0,0.027861966435880074,0.8659423637807917,0.8465120682998386
1626.4406260937158,5000,0.04343371130517166,-1.1299748568481351,1.3171987091847448,0.09105815354067374,0.10795215,-2.7958355,2.6185644,0.5548231,0.0,-10.889427172746208,3.888822681553651,0.9999820579966746,1.3226347245537655,-0.268668463553793,2.17229465913339,0.2945000135564299,1225,-0.01094934,3.0411797,0.003479258,2.25,1.0,0.04923612711390694,0.8328421949256323,0.8066390457329371
1668.3876131924565,5000,0.04602902420731472,-1.1710924954748605,1.54419704421833,0.0872090184791156,0.13511933,-3.3487718,3.138731,0.5231243,1.7053025658242403e-17,-3.131559033164362,4.895309602726554,0.9999780230424247,1.3890343430313024,0.005908309677166988,2.1181758051924136,0.1921526000610621,1230,-0.009837798,3.030489,0.0030480255,2.25,1.0,0.023445717117877032,0.8809009432496324,0.8599301470410725
1526.8015888927368,5000,0.03919288280659446,-1.3738017576179573,1.402332247913777,0.09205857286446377,0.087202996,-2.8119087,3.1133537,0.56332076,0.0,-10.748415146033654,5.117493517127433,0.9999841957291188,1.2172490115426957,-0.35017057262832785,1.9050938201898864,0.36091019989745804,1235,-0.011252537,3.002452,0.0034225353,2.25,1.0,0.04070414989856812,0.8910409460620196,0.8340676422722024
1695.5620187801185,5000,0.0463645161882968,-1.1929511842230127,1.364040039805601,0.08631852713040401,0.12712157,-2.9119327,2.716689,0.52048564,-3.4106051316484806e-17,-4.947829379505104,11.731000754272134,0.999983577457906,1.3807445725656093,0.004111821620769152,2.1019042208703818,0.25578366854228257,1240,-0.014357264,3.0026755,0.00484792,2.25,1.0,0.03501602586826287,0.8665431674051567,0.7985571439417167
1447.1089042318122,5000,0.034023537174496674,-1.1849705766881458,1.2993115914017215,0.09577486040556522,0.046251077,-2.8538446,3.079717,0.58459055,-2.2737367544323207e-17,-11.177005997094836,9.8766417200894,0.9999866415985714,1.150302663294545,-0.4012272490982115,2.1338170845631734,0.5871943288544947,1245,-0.011359306,2.9797883,0.00311354,2.25,1.0,0.0880174650364324,0.8508991321125663,0.8206285842685606
1493.2889894774858,5000,0.03676510347866437,-1.1877586697221387,1.2091493841651462,0.09586842412244408,0.06173006,-2.8130965,3.051362,0.5784888,0.0,-11.273366488786674,2.8991034202969317,0.9999854495364326,1.1868514406693877,-0.4250026364100702,2.0468253436324866,0.5136735770069712,1250,-0.011099702,2.9518824,0.0036142922,2.25,1.0,0.06499299898393913,0.8734772701683202,0.8278054065635745
1619.0211346052815,5000,0.04137516168889878,-1.1952112648317927,1.5362328233339049,0.09309754929427055,0.09188084,-2.9340725,2.8600628,0.5690289,1.7053025658242403e-17,-9.009688008019525,10.157725080866664,0.9999883829078346,1.277985200002242,-0.3539585281511986,2.1483635569781723,0.474202793693138,1255,-0.012894662,2.9359574,0.0047235396,2.25,1.0,0.0996963654090832,0.7897661521612653,0.7154951916429292
1684.2006589687996,5000,0.046163551225381516,-1.1128765149938507,1.5174117374088443,0.08616462358274772,0.13501592,-2.8071918,2.8520143,0.5235101,-3.126388037344441e-17,-3.3434047644589624,13.462740633756336,0.999982371311072,1.389463639744041,0.009201173872094508,1.972213021763686,0.1971342580365869,1260,-0.01153626,2.9253554,0.003365696,2.25,1.0,0.019537737233014437,0.9017764858109661,0.8661325658466451
1764.5709902576207,5000,0.048433620093278076,-1.2572678338202057,1.4000833304881137,0.08638962538353842,0.13315366,-2.9332323,2.825809,0.52532727,0.0,-4.711327087230816,3.25224724573652,0.9999786026875247,1.461309707981325,0.006864198199739014,2.2346815803349416,0.24035228452569277,1265,-0.010913381,2.9018993,0.0039162543,2.25,1.0,0.021741200308837354,0.9123473198965864,0.8732886239268711
1653.3303816596303,5000,0.044254751104925404,-1.150043972723542,1.2964803989254439,0.08926129576544999,0.12017013,-3.2615945,2.8781786,0.54530054,-2.2737367544323207e-17,-10.872217373503311,5.98122625968023,0.9999808636735888,1.3521018290766917,-0.21870003778175956,2.0730650115229543,0.28427131546339623,1270,-0.013852536,2.881988,0.0044864016,2.25,1.0,0.03782003507686411,0.8736992942094258,0.8405404229300971
1797.8337410216652,5000,0.0491752492750654,-1.1785960590136255,1.2732855804010383,0.08644754423336683,0.13654782,-3.232433,2.9810584,0.529701,-1.1368683772161604e-17,-3.174373408753073,3.968222753417398,0.9999762938082302,1.4600108794891014,-0.0019370488015561281,2.034317752202566,0.23219256508013897,1275,-0.010984119,2.8614025,0.0036945366,2.25,1.0,0.02320988369897378,0.9107811309593421,0.9011358111431769
1518.1930397975955,5000,0.036690181226268576,-1.437363889691852,1.5629033680689572,0.09519166705819969,0.066363424,-2.7742345,2.8337004,0.5888806,0.0,-12.599442708924773,3.595033464379345,0.9999852332824172,1.1859655443390527,-0.38558924681816586,2.0967588260551495,0.5199690871953346,1280,-0.011020588,2.8559184,0.003909385,2.25,1.0,0.07140044453979444,0.8662412695652171,0.8414653999889932
1607.7707583935648,5000,0.03783979895554505,-1.2011971879112397,1.3747303091480205,0.09672441311424085,0.051012825,-2.8563013,2.7298024,0.5983057,0.0,-13.011462392343914,2.5749063038563142,0.9999861946229963,1.2842426618253306,-0.3457427564812424,2.2910292860769546,0.7342486849971293,1285,-0.010459574,2.843543,0.0035965974,2.25,1.0,0.1023116461104933,0.8654018490156666,0.8515583901544033
1622.5918678717906,5000,0.040809814266519154,-1.1672158574134788,1.2825892783843897,0.09249127659921941,0.09236063,-3.1649525,2.663971,0.5671022,2.2737367544323207e-17,-8.939423307625365,8.486892524671,0.9999885715510817,1.299802440582103,-0.3422084112596893,2.172373005406208,0.45516739762367897,1290,-0.009241957,2.8342533,0.0028272998,2.25,1.0,0.1000146896310325,0.7944737555173874,0.7432226674009779
1723.5604949686797,5000,0.04538647459117982,-1.2099718626563145,1.4141715940241277,0.0881831545692277,0.1303013,-2.8713505,2.9877338,0.53571194,0.0,-6.981210927826742,13.111310229926847,0.9999826369662522,1.4109785730725326,-0.20191971222689561,2.097172526551021,0.28571322508389296,1295,-0.010876945,2.8115964,0.0028476338,2.25,1.0,0.023121293656930136,0.9205956202046852,0.892165108268769
1788.2089240435544,5000,0.04779350510713236,-1.26140498169816,1.4852285228408386,0.08656780571412959,0.13575104,-2.9008222,3.1264653,0.53011924,-3.694822225952521e-17,-3.4583389067860333,12.856090788369483,0.9999796181224939,1.4682132737918916,0.0031527317505363637,2.1754060890303815,0.233358206777842,1300,-0.018892022,2.8088703,0.0064672697,3.375,1.0,0.024961619034346783,0.8956969023798874,0.879462665763223
1759.0944508869113,5000,0.04770744919755897,-1.1110781766464846,1.377328249276641,0.08578672253193481,0.14339785,-3.185171,2.9201055,0.526051,-2.2737367544323207e-17,-4.455302643453511,5.041442173782763,0.9999784004605022,1.4260804220640686,-0.00031160128405054253,2.1134171225365037,0.2687790541347788,1305,-0.007716254,2.8174534,0.0015113524,3.375,1.0,0.034963269814297294,0.8713145480470503,0.8441686122402934
1395.8368166486805,5000,0.030153628439603983,-1.0977726514854846,1.5224698851935252,0.09593359947306818,0.033142544,-3.2653465,2.7429595,0.58862835,0.0,-11.55607727487555,8.018011495962787,0.9999871299738159,1.0936606984271235,-0.3402616127202976,2.121964199497883,0.614677089256412,1310,-0.008792174,2.8100066,0.0013183543,2.25,1.0,0.06919925566298785,0.8875251457515065,0.8625803392321669
1790.2439323332942,5000,0.04799004477808491,-1.1792634923552787,1.5024200301062482,0.08692070620811902,0.135807,-2.7556825,2.853582,0.529892,1.1368683772161604e-17,-2.8208230208598435,18.828110943663244,0.9999799315324899,1.4828980588648237,0.0072145636168510306,2.1302743976593437,0.23046271750714667,1315,-0.01323003,2.8093114,0.003988764,2.25,1.0,0.024537655202365862,0.9003797368589864,0.875602260119903
1557.7514662833944,5000,0.03579731986315228,-1.1680491650737064,1.3363789970504845,0.09724323751030212,0.049147177,-2.8409429,2.8555832,0.60122925,0.0,-12.091592929951773,3.3470092410318846,0.9999868296042532,1.2427594924883096,-0.37808299510297716,2.166809240534777,0.6716091980537396,1320,-0.010810691,2.8122263,0.0036192376,2.25,1.0,0.08424724957108258,0.8745634069247733,0.8527241011116399
1832.3097155812889,5000,0.04864649297869621,-1.1421470565017604,1.3485860913084597,0.0873528514465545,0.13360943,-2.9383266,3.0040183,0.5364917,0.0,-4.910030138638064,14.581787970616976,0.9999788452383928,1.5114597182295255,-0.08526992633644914,2.2822773189427252,0.26755320879274375,1325,-0.030682199,2.8069258,0.013126663,3.375,1.0,0.0292364713148517,0.8911675296882606,0.8827806985614363
1860.9247210594917,5000,0.04947641860151808,-1.083537197971174,1.5664953022568617,0.0876698863650418,0.13883995,-2.9267,2.8665013,0.53560257,-4.5474735088646414e-17,-3.6173681462720215,5.056221632094705,0.9999757205723672,1.5294748328849583,0.004310441295866273,2.283505196201279,0.2626125785939672,1330,-0.007241037,2.8143606,0.0017059835,3.375,1.0,0.03716766557503514,0.8588535894298719,0.8414858533523757
1606.170279883689,5000,0.04102519078024134,-1.3055456532290752,1.6198917389089247,0.0894560059579892,0.109408766,-3.0899935,2.9639883,0.5536818,1.1368683772161604e-17,-9.783327632957432,6.213755587695964,0.9999842020551317,1.2864583511695957,-0.39879676565416333,2.030480625785291,0.30308980744696645,1335,-0.007893223,2.8165598,0.0014155236,2.25,1.0,0.04611805077162153,0.8742011663412333,0.8415677155817336
1584.883829264345,5000,0.0390826630096338,-1.0763572726248165,1.4604646361227738,0.09241335415295625,0.09066895,-2.9354005,2.932116,0.5808957,1.1368683772161604e-17,-11.388916467892576,10.489184148450637,0.999986301568846,1.2644764071472372,-0.3386853259355823,2.134454207881332,0.4191481676799271,1340,-0.010713819,2.8068137,0.0027351363,2.25,1.0,0.06302257561018507,0.8497739472904602,0.8161504488322369
1774.5444624495074,5000,0.046866644410525016,-1.2136513734835372,1.4611716142323692,0.08691280936080317,0.13655968,-3.4549556,2.680386,0.53615314,3.694822225952521e-17,-3.5969167137633073,7.057649652817026,0.9999751416817533,1.4586126058441262,0.006902661678701867,2.0445810657363905,0.2159392639200153,1345,-0.012323098,2.7937918,0.0043341285,2.25,1.0,0.01827117479185608,0.9214005325024608,0.8956449503799303
1955.7477277898713,5000,0.05070838286166051,-1.2705219100504772,1.3739585554933125,0.08660221496283375,0.14050046,-2.9118066,2.9482262,0.5306714,-4.263256414560601e-17,-4.003890621190171,20.535232979406167,0.9999771767448856,1.5846025946791682,-0.01828284786618581,2.2201929437325965,0.2977729264676549,1350,-0.0111112,2.786182,0.0028289282,2.25,1.0,0.018713634252821958,0.9473513654306265,0.9072719678816297
1548.3504015603107,5000,0.033824535429369404,-1.2011860055457435,1.5559173142321223,0.0977070428533045,0.03601611,-3.2098646,2.7342267,0.6044244,-2.2737367544323207e-17,-12.669567441938588,1.5733198649002453,0.9999863108584263,1.2105298032201484,-0.3737177162621866,2.2779602160880015,0.6595744141838996,1355,-0.010602133,2.788063,0.0034887055,2.25,1.0,0.08307611889468933,0.879320789487358,0.8550239864828123
1840.4423888784718,5000,0.047828874847976516,-1.201998299414431,1.4178152994256707,0.0874500582762891,0.1364221,-3.1788285,2.8523438,0.5318073,1.7053025658242403e-17,-3.059906963134303,6.044238939475564,0.9999795727451507,1.5014810280186284,0.008441369849966868,2.1852708805812164,0.21389208739717375,1360,-0.012884416,2.7823377,0.0043431944,2.25,1.0,0.022342440113048746,0.9060115852764478,0.8654220331064901
1800.1966499579787,5000,0.04447659599840965,-1.1314327874108687,1.2635617965955568,0.09098574886895272,0.10285042,-2.7145376,2.9033356,0.5567479,3.4106051316484806e-17,-10.597614384904585,2.291146939367174,0.9999851254650899,1.4775830026803505,-0.2752408304577447,2.180743455048593,0.4539304386704609,1365,-0.011125569,2.757553,0.0036770042,2.25,1.0,0.0637280131605511,0.8597062547590173,0.7859630935577221
1890.8199574126127,5000,0.04978424948055217,-1.146573763443009,1.5887173860427937,0.08741759660699444,0.1333757,-3.0853753,2.633649,0.5342817,2.2737367544323207e-17,-4.8350888771244795,4.886889571026712,0.9999806630847011,1.5284716477586517,0.006664343633779544,2.474051747493119,0.3066041675532234,1370,-0.012966203,2.754849,0.00405675,2.25,1.0,0.04792452454460476,0.844564076078533,0.8223953345889039
1762.1344058478044,5000,0.04371009824748526,-1.205529537699374,1.1896764921936023,0.09017623007797787,0.10705492,-2.7521522,2.6148162,0.55905074,-1.1368683772161604e-17,-9.026303099877337,5.590560813758584,0.9999854596869351,1.4207855467106858,-0.25283994474385113,2.35542943278734,0.34305737647813284,1375,-0.010056776,2.7647877,0.0032832054,2.25,1.0,0.04502210266260098,0.8687893180146715,0.8224840253776088
1898.2459956192524,5000,0.0499395193473809,-1.1540627874750136,1.4063341852403117,0.08605720336848464,0.13859345,-2.7661724,2.7950852,0.5314097,1.1368683772161604e-17,-3.9815954408985097,14.740420936075582,0.9999835435815385,1.5404680120622443,0.004975595654708802,2.17746349734965,0.2731255245361281,1380,-0.01543325,2.75452,0.005462745,2.25,1.0,0.02857385119120664,0.8969257385487708,0.8576323312486213
1844.2591612328404,5000,0.04760791059300093,-1.2283907899651847,1.488246825277626,0.08701549227264907,0.13363835,-3.286728,2.7487416,0.5422143,-1.4210854715202004e-17,-3.784849841272522,11.022478824734245,0.9999817341793587,1.5230540885963693,0.005786154763883081,2.332754638714703,0.2754359048181069,1385,-0.012840191,2.7558246,0.0041452255,2.25,1.0,0.019120349661756724,0.9308531274647072,0.8938509466353592
1799.217839289856,5000,0.046800896920158215,-1.122425418925738,1.4542170505674354,0.08518988115148449,0.14084531,-2.70196,3.0128183,0.5202442,4.5474735088646414e-17,-5.008597143086945,4.293485296402486,0.9999782420002687,1.5041565771282859,0.006206806049711252,2.1492723246833614,0.21916833741331815,1390,-0.011039951,2.736546,0.0037292496,2.25,1.0,0.024376964310749143,0.888970842932258,0.8550415063067136
1628.0524617348033,5000,0.03889443636082796,-1.1764533398686794,1.4846279798969348,0.0940574555489451,0.07373798,-2.9217668,3.0528152,0.58608985,5.684341886080802e-18,-11.072299624089197,2.868847183523566,0.9999861431622535,1.2916158615535038,-0.34433059971348434,2.0907069731338774,0.4759607652933072,1395,-0.011324222,2.737914,0.0037028985,2.25,1.0,0.06677124869141152,0.8635502948464913,0.8153383450023123
1820.1029192969286,5000,0.04685445683695153,-1.304668684030105,1.5559599544364706,0.08709067521301783,0.13760895,-2.9071214,2.99022,0.53624624,-1.7053025658242403e-17,-3.6133244314874875,17.106414554340525,0.9999805436170809,1.4952550987094866,0.005904766538305471,2.148465490362603,0.24348531013031743,1400,-0.012022175,2.7022772,0.004252697,2.25,1.0,0.028108421343178196,0.8908007607333759,0.8589426808744293
1485.3734106573254,5000,0.03156098363192413,-1.2065953852304756,1.617640072819092,0.09655134441150848,0.04342185,-2.7353818,2.8773592,0.60094494,5.684341886080802e-18,-11.592302357412017,3.740245067267154,0.9999857890829426,1.1738561780703651,-0.3995108986215075,2.1201612383696906,0.6109717532539959,1405,-0.012581961,2.6962519,0.003421978,2.25,1.0,0.07511937714232472,0.8774667563792304,0.844119175608566
1861.2607824716426,5000,0.047291173593863076,-1.0995959576266994,1.475504042683652,0.0869059993120556,0.1369436,-2.7516093,2.646902,0.5240841,-5.684341886080802e-18,-3.3972585987780457,4.091233877585014,0.9999770609750738,1.553663798970394,0.002042439710085036,2.2271924809346535,0.2967759267068431,1410,-0.012085648,2.696291,0.0040379562,2.25,1.0,0.02364904441748329,0.9280513357092223,0.8930158143527721
1848.2637612570857,5000,0.04712599818900225,-1.2251397900577745,1.3795928274673264,0.08706437500865391,0.13269556,-3.138637,2.9384894,0.53204924,0.0,-3.486252626141314,11.432833849617298,0.9999798246794549,1.5198552517584034,0.00752416892198375,2.282168304897302,0.24982888656666555,1415,-0.010501121,2.6740346,0.0030438092,2.25,1.0,0.027639918241048292,0.8913029922720802,0.873144428805094
1841.5876964172671,5000,0.046954305246016986,-1.1239633315722009,1.372035371270699,0.08640293100517199,0.13471702,-2.7574847,2.7521312,0.53196466,0.0,-3.6626968892122354,6.06676748821792,0.9999773527832257,1.509146520414236,0.0033859846161174148,2.2814799181683236,0.24339844375747993,1420,-0.01077212,2.6662602,0.0032756836,2.25,1.0,0.026470693584525924,0.8913206662459002,0.8695309434877672
1902.648471554358,5000,0.048139479452879184,-1.158216146873045,1.4583609851770447,0.08761324007757422,0.13483721,-2.8879337,2.762383,0.5402351,1.1368683772161604e-17,-3.9411527819594925,8.506053676762184,0.9999781529673383,1.553269047098417,-0.0017490238582537376,2.3522590188034056,0.23363313068061342,1425,-0.010552182,2.6434355,0.0031900245,2.25,1.0,0.017557594300950066,0.925088107165295,0.8776546237206166
1398.9780989725355,5000,0.028018646676010183,-1.1568293663902958,1.5880063809130895,0.09736297275081052,0.021041317,-3.0305939,2.9881506,0.6086871,0.0,-10.829332166283358,10.196204464852533,0.9999877484009936,1.1388303635479045,-0.44318445690125585,2.1951573080765043,0.7690736351437496,1430,-0.012273509,2.63373,0.003650724,2.25,1.0,0.039785452794224276,0.9494546500048906,0.902431344766936
1643.5771103940365,5000,0.04042318491939964,-1.3258627161805276,1.3549431144059083,0.08788559251840379,0.117354505,-2.8272042,2.9369519,0.5374139,-2.2737367544323207e-17,-9.804553977739936,9.901952740053686,0.9999842470596155,1.3227354648019847,-0.22228869022268985,2.1250773181259817,0.30761781557005746,1435,-0.012043123,2.6194844,0.0036124466,2.25,1.0,0.04482706644708366,0.8628049671340853,0.836172551233017
1978.7888238780263,5000,0.05038480097198377,-1.1741110599480225,1.2148730606053812,0.08544884697107519,0.1378623,-2.9963708,2.7971196,0.53063184,5.2580162446247416e-17,-2.7893824093984505,12.16473405985346,0.9999852210973807,1.5991200924158024,-0.000912699152913434,2.2773785555013584,0.2579888365643383,1440,-0.01402956,2.618132,0.0051252176,2.25,1.0,0.03668199428164209,0.9209273057375034,0.8374462275477523
1551.544627953622,5000,0.03360109364946976,-1.1587232093594366,1.3626897013799566,0.09422960132230648,0.048366405,-2.6524234,3.1338463,0.59094495,-5.684341886080802e-18,-10.456367264272975,2.2486077407393097,0.9999872915737434,1.208742510784065,-0.4598444641482317,2.0692926559131317,0.6240517672935945,1445,-0.011979572,2.6096983,0.0039142845,2.25,1.0,0.08634910720569655,0.8703255330021701,0.8173653044465907
1985.2218614004037,5000,0.05036172940421117,-1.1619588145311017,1.3893156610305728,0.08750210007261072,0.13569616,-3.1841955,3.0098126,0.5338647,-4.5474735088646414e-17,-5.2867153612021545,6.236436426713265,0.99997951204651,1.6414843514520303,0.001104165723616121,2.3690335920650236,0.28746324747363317,1450,-0.012280375,2.5955052,0.004023204,2.25,1.0,0.045651372282100394,0.8779076261132207,0.8620861175297309
1840.544790468502,5000,0.0460214168397984,-1.1618106462660156,1.3670213320545406,0.08596447107388845,0.13427077,-3.2166586,2.7647166,0.52567667,-3.4106051316484806e-17,-3.4029015939163862,9.263254061703178,0.999980128724247,1.5009038733791071,0.0037769155095408024,2.160529002860321,0.21582427540063337,1455,-0.012587867,2.580451,0.0041881953,2.25,1.0,0.02543776278043731,0.9041231682540276,0.8783154612629708
1442.436700608377,5000,0.027305461849181666,-1.1820776863493556,1.5916261298445158,0.09745941316840806,0.00914549,-2.9293387,3.5096793,0.6111073,-5.684341886080802e-18,-12.874669871679497,2.544257892681226,0.9999873626249494,1.1850818551653335,-0.4200965792870372,2.1283953019997783,0.7999925139419973,1460,-0.011267054,2.56645,0.0034650047,2.25,1.0,0.04552166363943287,0.9434307224115085,0.9248258247117177
1900.813641762629,5000,0.048029077856494115,-1.252833748816826,1.319033256088664,0.0880528428810645,0.13514294,-2.9357204,2.6608946,0.5379216,2.2737367544323207e-17,-3.996647227264548,15.607636795712596,0.9999853753154991,1.5914882283942033,0.0019810855472668456,2.3703444108414375,0.2683685607652544,1465,-0.02637865,2.5812688,0.009578944,3.375,1.0,0.03270404885442143,0.8782963721578684,0.8233818729404931
1945.1494250561911,5000,0.04865112446341323,-1.1316681089005498,1.25801601816019,0.08795992015320386,0.13376303,-2.8884668,2.7682905,0.5319541,-3.4106051316484806e-17,-4.803510670710361,15.565949955768415,0.9999807375355205,1.6093556066733221,-0.06404724167094628,2.2792812171029557,0.29591653198323686,1470,-0.0100451335,2.5607843,0.0021527188,3.375,1.0,0.02769211020349427,0.9067280603665879,0.8654363361221598
1885.8893036586337,5000,0.04596463714513563,-1.185280147196867,1.3264289362989756,0.09049638845527606,0.11596097,-2.7846103,2.6759162,0.55278045,0.0,-8.368081546531798,2.603540953570059,0.9999829883907326,1.5372663028511369,-0.2739044844726273,2.2594205457305874,0.3531831332751855,1475,-0.008617599,2.5510902,0.0017342053,3.375,1.0,0.053846798887087585,0.8475522627234215,0.7931831218808707
1925.4030500051908,5000,0.048274821034195996,-1.1948358234193224,1.3447854163114847,0.08637422456988667,0.13671722,-3.0615396,2.7812452,0.52792853,-5.684341886080802e-18,-3.570682859313883,6.745650125342719,0.9999795905252413,1.5742608659752684,0.008927681547517757,2.3072013389582113,0.27110998314900164,1480,-0.0086750705,2.5452719,0.0017032488,3.375,1.0,0.024464798045380452,0.9126401656945579,0.8875784779441328
1671.89830360126,5000,0.03645029875363835,-1.2176067440808913,1.3649266107984501,0.09658004119269929,0.05311399,-2.6934757,2.7780733,0.6074352,5.684341886080802e-18,-9.08578544406393,3.237183136456624,0.9999884650708094,1.3142068263392426,-0.4190375448315969,2.3171166312802365,0.6540169411143885,1485,-0.009016416,2.539115,0.0014391916,2.25,1.0,0.11008789509366004,0.8346177452959078,0.808577960008686
1939.4237041845474,5000,0.0477802571118751,-1.2011171254745845,1.2824249705095314,0.08538790553030574,0.13301042,-2.8944852,2.6195827,0.5228794,0.0,-3.0202973888369358,4.009726924643798,0.999981094747391,1.6126582661722906,-0.0001913615829758884,2.539034054134379,0.31697253203100983,1490,-0.011481963,2.5464277,0.003393255,2.25,1.0,0.05138152894759155,0.8536110681436242,0.8043803727919527
1412.6661690776923,5000,0.026487682606186152,-1.1867725107121387,1.2328440979770752,0.09967926843659113,0.009927888,-2.7685642,3.0847387,0.6284994,4.5474735088646414e-17,-9.264650574174423,2.614473514310798,0.9999903073531455,1.0780402680389727,-0.39847379136915645,2.3128977556884096,0.7709216729850765,1495,-0.011061648,2.5352926,0.0031670276,2.25,1.0,0.16672922161470563,0.8085476293433884,0.7749522268067688
1621.3502651110114,5000,0.033618797877286256,-1.182865428921942,1.345542239784524,0.09801330079238088,0.038764946,-2.9614203,2.7398114,0.60414153,0.0,-11.69425006256424,8.593522557879194,0.999987762555271,1.2897563867153732,-0.4040604697687282,2.3393594830551008,0.7763652421257089,1500,-0.012012007,2.5380654,0.0042927214,2.25,1.0,0.09501243423579049,0.8929558786354219,0.8683288783079549
1950.0347220224376,5000,0.04883991496396776,-1.24615271812548,1.4696396088785297,0.08638036980433725,0.1375643,-2.7084322,2.5690675,0.52501065,0.0,-3.935572816888493,5.184301375483996,0.9999843484465051,1.6086708389930113,0.006270932416974921,2.3075597918144815,0.3022587352210432,1505,-0.009883659,2.5228162,0.0032919552,2.25,1.0,0.02539301716556273,0.9159918844156666,0.8427584763466152
1916.204696612926,5000,0.04850204642034603,-1.312117012357085,1.2917183897754907,0.08531628244403328,0.13551949,-2.968329,2.6530392,0.5333208,-1.7053025658242403e-17,-2.474069700520514,18.389930381931812,0.9999809167352225,1.5902190433225654,0.006341078877607862,2.232447958006484,0.2388823166152073,1510,-0.016434968,2.5293875,0.005077258,2.25,1.0,0.019337191300556226,0.9190842888524416,0.8751151572978982
1942.4613771786658,5000,0.04854632457969527,-1.1014701844636057,1.4341040091623465,0.0859450473354141,0.13697904,-3.194524,2.8986983,0.530155,0.0,-3.8966475964106917,4.46852953746453,0.999976513011321,1.583668179829429,0.005232030173741241,2.3829497704472025,0.27767561668507135,1515,-0.010950756,2.5133986,0.0035792037,2.25,1.0,0.01788571758328027,0.9355969856622918,0.9113615462457638
1980.724180995845,5000,0.049022764084992204,-1.1817980278284108,1.4636759383952935,0.08624463201170515,0.13306493,-2.8257153,2.7401247,0.52687997,-2.2737367544323207e-17,-5.23469914804408,10.231913904184383,0.9999796242672278,1.6335609858264806,0.003626502872500683,2.4296003172117895,0.29502716086988556,1520,-0.011287322,2.512041,0.0031817232,2.25,1.0,0.04034895914678131,0.864242689691869,0.8350935583380126
1996.7400617878448,5000,0.04979855304887088,-1.1415476649789282,1.5225187733907526,0.08674204331972508,0.1392738,-2.8035622,2.6734304,0.533032,4.5474735088646414e-17,-4.262174854159247,8.173854817104713,0.9999769922307004,1.6157221640522414,0.004784242018038901,2.434292356293879,0.26798831505874143,1525,-0.012305946,2.5106325,0.003885556,2.25,1.0,0.027498173451001362,0.8974207234564067,0.8842789649845579
1952.543279962631,5000,0.04859161194751767,-1.1327558968751206,1.2663846496192182,0.08733596323146038,0.13924225,-2.8641567,2.6323748,0.53102463,-2.842170943040401e-17,-3.372584660169578,3.2878121631439656,0.9999786515296549,1.6087934033890081,0.0062121234803370895,2.2912825013543565,0.2321276108912224,1530,-0.010749217,2.4943027,0.0034254738,2.25,1.0,0.018856159996421547,0.918770506462394,0.9010576805661281
1894.329884774912,5000,0.047145605106703355,-1.179997058467647,1.2334834345204537,0.08772241707751334,0.1370232,-3.1496205,2.865385,0.5370318,0.0,-3.4022429752975154,7.203928678124816,0.9999765566417537,1.5763648105619588,0.007926886700164296,2.3151740706261106,0.23066846781448389,1535,-0.010575041,2.4646435,0.0032883973,2.25,1.0,0.024848044979912002,0.8924070013664656,0.8665474846001943
1999.5292692003518,5000,0.04937706731792548,-1.2097090359818623,1.3479431333919236,0.08901089837147677,0.13805133,-2.7920105,2.9363897,0.54638964,2.842170943040401e-17,-3.410645565480981,7.266430439205359,0.999976443624291,1.6427119019985958,0.007264152734722819,2.3825858663958823,0.2321635670387794,1540,-0.010676218,2.4347239,0.003214006,2.25,1.0,0.022276652203659132,0.905505764093088,0.8907297114244741
2093.0471246861466,5000,0.052139981469225265,-1.228512774896512,1.364869703645348,0.09033487942678814,0.14125945,-2.702646,3.0647035,0.55616766,2.2737367544323207e-17,-4.019192672487042,2.717905672865367,0.9999797182162232,1.7066355543482417,0.004195858984427904,2.563339638908728,0.36302262059846874,1545,-0.010010399,2.429862,0.0028900902,2.25,1.0,0.04844643003074352,0.8665526204580394,0.8332422115597138
2071.606845556714,5000,0.051018544702773845,-1.1990424694310078,1.3303439457673576,0.08854005660813509,0.137608,-2.8771346,2.6531806,0.54668033,-5.115907697472721e-17,-3.7826817260376644,3.176592345538648,0.9999788030298125,1.7239382223439075,0.008713086929158642,2.5765720686558335,0.283785602076524,1550,-0.0119529115,2.4302297,0.0040748985,2.25,1.0,0.03041316024883322,0.8930995219698664,0.8689701648206326
2150.4219873616867,5000,0.05312625619887168,-1.2862357120910022,1.4319991713033773,0.0880651129108447,0.13791603,-3.0159583,2.8466363,0.54675716,-5.684341886080802e-18,-4.608091319267541,4.242632537555172,0.9999821959215016,1.7362278517970189,0.00549438825762167,2.49755219534692,0.33810748340093477,1555,-0.01174248,2.4005852,0.0038094933,2.25,1.0,0.03614849591449022,0.8938449783355138,0.8695716288151525
2109.2395344732604,5000,0.051629760617573406,-1.157103986366057,1.1894411634803268,0.08816137854564264,0.14289685,-2.8566513,2.6391687,0.54342085,-1.7053025658242403e-17,-3.761051179955955,3.8983233111879354,0.9999808221508613,1.7459121600221388,0.009648733230150194,2.3934717320931616,0.2968689488594828,1560,-0.013666923,2.4027457,0.0047002747,2.25,1.0,0.018822587218751335,0.9370825985982738,0.9207803376310302
1964.5944137337094,5000,0.04832856643120124,-1.1566499755927773,2.13448039514393,0.08667113374600008,0.13519132,-2.9926898,2.743349,0.5362609,-5.684341886080802e-17,-4.627647665451887,14.212951068683136,0.999979952236695,1.6036911835466294,0.006599450962973953,2.3463478097605113,0.3050551818531284,1565,-0.011558451,2.3815227,0.004209461,2.25,1.0,0.022373117851548482,0.9369277554802136,0.9175306112776233
2077.8458172720125,5000,0.05083859763259249,-1.1693548542614978,1.4450307894118204,0.08886895254327568,0.13544518,-2.8315318,3.0146494,0.54847896,0.0,-5.022527516397323,5.175811618792558,0.9999765869926792,1.68985613178025,0.009140108110441596,2.5056078701001487,0.3448971292098915,1570,-0.01163143,2.4023113,0.0036422822,2.25,1.0,0.022504499792701648,0.9383928653539813,0.9123960002213263
2003.4894388142009,5000,0.04947005572959948,-1.2406751219444307,1.3644303373780384,0.08738179964463229,0.13546702,-2.8955348,2.5570748,0.5436254,3.4106051316484806e-17,-3.765356888267101,3.2371006504797437,0.9999777623148218,1.65625133947679,0.007647423256756732,2.2720587315740746,0.24848601599084294,1575,-0.010762896,2.3976831,0.0033425854,2.25,1.0,0.023636692760711366,0.9061673355228669,0.8737802882687972
1638.3470975189557,5000,0.033268187651484295,-1.176814085778208,1.170941190875687,0.0998295915494351,0.03529099,-2.7552023,2.9637756,0.64477235,0.0,-9.500024681059642,1.7362949156932115,0.99998893426836,1.2930477525195914,-0.5214875046407,2.377230482965089,0.881249329053371,1580,-0.012374624,2.3946238,0.003442272,2.25,1.0,0.14014578586928764,0.8430024884140885,0.7814241656990588
2080.059325627083,5000,0.04998526834335945,-1.1757284662084604,1.2507142523252535,0.0923738251463629,0.12086798,-2.9905431,2.6946797,0.5751936,-7.389644451905042e-17,-7.338968816934946,13.066600905511889,0.9999860925102152,1.6854516772514552,-0.25454764369315164,2.699293788153031,0.45579066862978507,1585,-0.014001286,2.4083557,0.0044484446,2.25,1.0,0.07426362463935429,0.8413103600298639,0.7782855453554437
2194.179452752848,5000,0.05370099694587601,-1.3286555895023164,1.3588791369987931,0.09008607383886327,0.13820055,-2.9389524,2.744606,0.5591315,2.2737367544323207e-17,-3.855989436200489,6.694626534315694,0.9999870068243032,1.7986817849053651,-0.0012941353182588967,2.5997490171421602,0.37449965610911945,1590,-0.013221367,2.4053717,0.0040312097,2.25,1.0,0.029048817254878168,0.9274485496733801,0.8723601888063055
1936.8943868240021,5000,0.04219247737172699,-1.241115908796003,1.2389403753970165,0.09734133785360972,0.081664614,-2.712304,2.7250433,0.6147699,-2.2737367544323207e-17,-10.858598054712958,3.1083842270004793,0.9999884596585742,1.5746264569850914,-0.47697127226413144,2.4633737744546313,0.7522332029591433,1595,-0.009640276,2.4041018,0.0022545813,2.25,1.0,0.09851882117317087,0.8693459999830444,0.8286233198194893
2074.9283521121383,5000,0.051048777027225,-1.1768891632709675,1.3661633059479528,0.09031881879303702,0.13258868,-3.0675306,2.573896,0.56613,2.2737367544323207e-17,-2.757334035956292,14.314696632002383,0.9999829727338527,1.6988319967182353,0.006278534576977114,2.55057721219752,0.344157803729884,1600,-0.01491886,2.4105654,0.003946414,2.25,1.0,0.035430727516120135,0.9004564140540341,0.8634353013357252
1566.043854495343,5000,0.029091076694417763,-1.2589332538099893,1.1261456134134964,0.09921202367054777,0.015889823,-3.0848658,2.913457,0.64775944,0.0,-9.519028885011283,2.7335243991695504,0.9999906289387586,1.2105177140720091,-0.4970672306129719,2.316876252522572,0.9052977025999244,1605,-0.0102827195,2.4324393,0.0031212554,2.25,1.0,0.1788652395931441,0.8101175224436685,0.7729186992453707
1750.9452500290602,5000,0.038511708894421855,-1.215287316456523,1.1746599294573228,0.09448020622494781,0.07744546,-2.8995771,2.4704618,0.6069812,0.0,-10.896129705534417,3.694398548348425,0.9999875138630585,1.4052335927890267,-0.47146376756303127,2.272204868979687,0.5870864921816991,1610,-0.010034708,2.4185705,0.003168274,2.25,1.0,0.09208307457211633,0.8431717131123793,0.8122353325170704
2080.0248977796946,5000,0.05009254746843901,-1.1964646641915584,1.174594718417122,0.08983924749577527,0.12977417,-2.948482,2.672201,0.56943387,1.7053025658242403e-17,-6.821997126535005,6.021024419279781,0.9999846220119196,1.6975437830093287,-0.11756889792449685,2.4020166925660638,0.33393621781701904,1615,-0.011341866,2.4119587,0.0035812012,2.25,1.0,0.035408957603514875,0.9078868980066239,0.8095291521920838
2120.3426953103676,5000,0.05142481955086498,-1.2343632280403787,1.1406922150346916,0.08930217472016336,0.13482511,-2.7089376,2.5771277,0.5547234,4.689582056016661e-17,-2.737781141044935,15.028161363251568,0.9999808579935907,1.7238748933154544,0.010346028804517583,2.704308698740316,0.3237378731805396,1620,-0.012103736,2.3863382,0.003307351,2.25,1.0,0.024133008714424063,0.9258504921257245,0.8904212744819588
2083.3729234106386,5000,0.05097302443968827,-1.1522802362887132,1.20333506311027,0.08865801529514877,0.1347236,-3.158485,2.89248,0.56215197,1.1368683772161604e-17,-3.2636038383389883,4.305094444733507,0.9999783832760737,1.7340035019830473,0.007254723641864366,2.497938305722603,0.297452175485985,1625,-0.010861402,2.3569202,0.0032645664,2.25,1.0,0.035802333072317546,0.8799029286110958,0.8495207440318362
2291.1771075698234,5000,0.055584202687642546,-1.3469022398651918,1.356454403404187,0.09239348983637646,0.14203985,-2.7575834,2.7461658,0.5834375,2.2737367544323207e-17,-3.486894910973214,3.1428444029221643,0.999976764858648,1.8892970607850679,0.003792346875706702,2.6622101221283514,0.38487253740538124,1630,-0.013392588,2.3390136,0.0043021534,2.25,1.0,0.03682583156163392,0.9122469182263427,0.8902194108954274
1776.5443018271028,5000,0.037405467431710374,-1.1741932667648267,1.4789825916084691,0.10000825667674343,0.055820797,-2.705235,2.8446507,0.6372735,-2.2737367544323207e-17,-12.230069930146819,3.2506284588528143,0.9999889034296111,1.4150228578072277,-0.4782040902206114,2.5361821499412676,0.8133858225624921,1635,-0.010280564,2.3305597,0.003045245,2.25,1.0,0.1395993432962129,0.83957660098226,0.8239694094086494
1938.742215786914,5000,0.042605112468345786,-1.1827096447201584,1.22171008218789,0.09684923956008215,0.08195443,-2.9603937,2.7761283,0.61990714,1.1368683772161604e-17,-11.54868198979016,4.1895854728502595,0.9999892630822935,1.5481477653445426,-0.4399139715797091,2.6334636058342786,0.703595914425178,1640,-0.010311182,2.3343372,0.0032842553,2.25,1.0,0.11367125143875428,0.8384733516836294,0.8164875339547408
2153.0156696022045,5000,0.05233846160588556,-1.2518363481398194,1.378958296499976,0.08960096292786729,0.13989219,-2.8134916,2.8407414,0.5703728,1.7053025658242403e-17,-5.151476973284248,12.337134859875018,0.9999879142959999,1.760152836243271,0.005619397046357453,2.438562273863378,0.30974665174213806,1645,-0.032573644,2.3472543,0.01049108,3.375,1.0,0.025199167426566332,0.9221614566279629,0.8347587299878734
2102.636782526991,5000,0.04878906017106296,-1.1487599712505667,1.1913409675103646,0.09371062184228353,0.114746355,-3.2416697,2.8912091,0.5950883,-2.2737367544323207e-17,-10.211915847456396,7.345953724038692,0.9999841810091159,1.7033965347097102,-0.2442865989140317,2.521747268109861,0.42670844795017293,1650,-0.010947936,2.345271,0.002530148,3.375,1.0,0.04215973280109837,0.9024054087486377,0.8693864236296405
2186.8809730225967,5000,0.05114140537235646,-1.1219334226593838,1.1644878009828092,0.0944466855114831,0.11652306,-2.7700355,2.8317432,0.60247046,1.7053025658242403e-17,-10.484631454203733,7.7166619392438305,0.9999808460010807,1.78429449304306,-0.24485450960371233,2.6530541396267258,0.45346729852405376,1655,-0.008700237,2.331965,0.00171679,3.375,1.0,0.04240042774562385,0.9090018008745491,0.8940306751134478
2164.6129654628303,5000,0.0519096669077872,-1.1712996240524025,1.4415699581641441,0.09115124491054077,0.13836351,-2.9291704,2.659522,0.57418174,1.1368683772161604e-17,-3.7570541925566308,6.005950561220062,0.9999800269457597,1.8146903086948503,0.007983687087051756,2.5613008503751216,0.3455720272554179,1660,-0.009921245,2.310855,0.0021076705,3.375,1.0,0.04425562755968499,0.8720200527444971,0.8328971233743969
2042.4725561166756,5000,0.0451471423612946,-1.2331499198767277,1.215929749598062,0.09706277184041992,0.08704659,-2.688097,2.7487512,0.6125408,-2.2737367544323207e-17,-11.64754563772725,2.655183179665577,0.9999881172902988,1.6467033544124041,-0.4533642191032754,2.524255239637056,0.6580835218972257,1665,-0.007926909,2.320819,0.0014577144,2.25,1.0,0.10597438741625322,0.838965262308861,0.7860169613302542
2256.292638109203,5000,0.054089488778277954,-1.1652098648212628,1.165418344919198,0.09036288217342793,0.13346933,-2.6460571,2.7807093,0.57870215,1.7053025658242403e-17,-3.0095040943852176,10.370418801210471,0.9999801688387663,1.8598774739114252,0.0013187312430889063,2.6794191211900467,0.37321916877171113,1670,-0.010942741,2.2962708,0.003222961,2.25,1.0,0.03288562314022783,0.9182053032968631,0.9013328704249087
2077.8540626087824,5000,0.04699785685557664,-1.1288677756220356,1.4321637138073713,0.09586821918865483,0.09861657,-2.634424,2.6985946,0.60273194,-3.4106051316484806e-17,-9.744936604602383,11.817379913627198,0.9999884488392294,1.6890114556967801,-0.399484317159598,2.753938885060579,0.6153948899327517,1675,-0.011814769,2.2753673,0.0035100735,2.25,1.0,0.08887042000710901,0.8577429917016686,0.8082013889993769
2295.4998759850605,5000,0.054114785533495455,-1.2275136813032415,1.2369266950922786,0.09068236143096983,0.1348629,-2.8897665,2.474536,0.5669632,-5.684341886080802e-18,-3.0553767257112567,9.446732437004535,0.9999811545552835,1.8869441093392172,0.0049682652651449125,2.7968588593844164,0.37764995857553507,1680,-0.0107071325,2.2890668,0.0031876962,2.25,1.0,0.040694819579041905,0.8974410981583665,0.8871877597203462
1937.5158600668922,5000,0.04218438515561518,-1.2043822017080146,1.2608169810549796,0.09663263889532842,0.07636447,-2.8501866,2.8292851,0.6210225,3.4106051316484806e-17,-11.525716408094603,8.519195168005528,0.9999888333886847,1.5521276767354935,-0.4406195568304573,2.480868711795391,0.5771291795565469,1685,-0.012414975,2.2546763,0.003986814,2.25,1.0,0.10129177970294866,0.8337195620664958,0.7480610260709324
2089.0883798248287,5000,0.04616128817910309,-1.2607021481990517,1.3125764412750556,0.09653008213460851,0.09948957,-2.7374744,2.9095407,0.6082955,0.0,-10.394163814785196,12.895877186243744,0.9999883925798733,1.7072259409403066,-0.42434644959233736,2.6940437550824705,0.666206490037694,1690,-0.013255732,2.2345343,0.0046060532,2.25,1.0,0.12872803655882462,0.8136589694136876,0.7912041757800502
1791.796189078516,5000,0.03544501608555097,-1.1863726384717341,1.299197544241536,0.09880340953294275,0.04557224,-2.892851,2.5652485,0.6292088,2.2737367544323207e-17,-11.029370184446739,6.657382924174788,0.9999893575342572,1.3878194311762686,-0.5182839363085434,2.564459895997496,0.8818759134840346,1695,-0.01099003,2.2267208,0.0034408772,2.25,1.0,0.11549061958350396,0.871539852746765,0.8430303839959257
2205.7481922333004,5000,0.05206233128211426,-1.266429686650432,1.2689677457883486,0.09116597776725736,0.13222973,-2.706587,2.8725085,0.57086533,-1.7053025658242403e-17,-3.617901992573173,12.387505103165667,0.9999849946509861,1.8096303528652127,0.00562680297205714,2.6538496821622646,0.3559485326323007,1700,-0.012116391,2.219861,0.0034668033,2.25,1.0,0.037656173402174045,0.9021336403723084,0.8787502429920958
2337.888282478564,5000,0.05474637800181906,-1.1376452663748897,1.342801453109818,0.09218072247347855,0.12966415,-2.563597,2.7516458,0.582832,4.5474735088646414e-17,-3.2075628782339383,10.42089874047477,0.999983724839595,1.919196676403781,0.01084468964689439,2.799752563000589,0.4097913674184836,1705,-0.012931257,2.223853,0.0038057014,2.25,1.0,0.03816741410395167,0.9111361166372866,0.8670256618754424
2106.1092686598317,5000,0.04768495614807844,-1.2839565707771459,1.283755155802786,0.09332032152465894,0.116292365,-2.719747,2.6472938,0.58008707,-1.1368683772161604e-17,-8.105454408396522,5.898920815091157,0.9999843356163598,1.7163429378866535,-0.261176979592284,2.6113458866604664,0.4914203196646622,1710,-0.015208924,2.2314873,0.005172519,2.25,1.0,0.050104084904388654,0.9069462451503444,0.8824257677054967
2324.2535555667337,5000,0.054213197399145804,-1.2257027791207808,1.3562050920683344,0.09135947033520816,0.13507827,-2.6740954,2.6534162,0.5765242,0.0,-3.6692732941512034,8.036809274155182,0.9999826223606768,1.9129346528844682,0.008048603678422075,2.7170468195067885,0.36169573301915314,1715,-0.010237815,2.204853,0.0031640637,2.25,1.0,0.04147766222159003,0.9117786862290689,0.8622714252837894
2286.1003084098656,5000,0.0528012634662267,-1.2754872344674806,1.2157607160881847,0.08845114164145486,0.13902362,-2.7114978,2.4641628,0.55864745,1.1368683772161604e-17,-5.124207805006764,5.3885344495686125,0.9999805158606748,1.8730117911060882,0.008866318141600582,2.7076411053983613,0.45239528147089497,1720,-0.011648871,2.196917,0.0035170068,2.25,1.0,0.03755949899706717,0.9172880752029179,0.9137612678598254
2328.1369492282274,5000,0.054020302264682525,-1.2493190255365467,1.3242326650714198,0.0908076220687301,0.14132741,-2.6746898,2.6460173,0.56720024,2.842170943040401e-17,-4.912695468754945,3.165085373168061,0.9999793277898256,1.9191636628197004,0.013461726524149481,2.674367682187706,0.3513828654256031,1725,-0.010248803,2.1804152,0.0031386293,2.25,1.0,0.02504674909640797,0.9312685144278747,0.920163072344361
2252.2522804941136,5000,0.05052561526279793,-1.3270900363583809,1.3502664178763941,0.09336407462397271,0.11512723,-3.026558,2.6392808,0.5896058,0.0,-10.051047110684744,3.4895048920637133,0.999981961318318,1.8415433369555747,-0.24781426204793203,2.7246890581044942,0.4787061617511185,1730,-0.013261434,2.1696644,0.004099731,2.25,1.0,0.042706979500298684,0.9115548718185282,0.8868240250845439
2329.7157086133816,5000,0.053170088872727575,-1.244286567951238,1.1782592798720868,0.09014695710773774,0.1283354,-2.5856938,2.505415,0.5645781,1.2789769243681803e-17,-5.915721668863866,7.992857912823488,0.9999795856839812,1.9222728223611532,-0.06607113324420806,2.5573678593901783,0.35104656430547837,1735,-0.01313717,2.162693,0.0043566446,2.25,1.0,0.021936023077807926,0.93892445888325,0.9210397085134676
2278.064451620074,5000,0.05229756126949006,-1.268665544163304,1.206199853551206,0.08970540827404284,0.13778922,-2.7286804,2.8230028,0.5656983,1.7053025658242403e-17,-3.408011743397396,16.611758000769814,0.9999792947156356,1.8952538153999194,0.005406279602302736,2.8513401003584056,0.37584131271453614,1740,-0.010193105,2.1400852,0.0031488682,2.25,1.0,0.02948057379043629,0.9222301706649577,0.9044328323785109
2419.0498268917618,5000,0.05542929986393188,-1.2225754247620861,1.447405299447568,0.09194778418447637,0.13709517,-2.864526,2.886736,0.57648665,-1.7053025658242403e-17,-3.781795433315896,4.133641649883172,0.9999743764817366,1.9999135852351042,0.0029072905284740456,2.6701637437524277,0.40725883854029155,1745,-0.012770448,2.1247845,0.0042123627,2.25,1.0,0.015671504778874582,0.9641134230821173,0.949454154422788
2426.7598505222522,5000,0.05555428917548834,-1.1494771609280343,1.1690315920704022,0.09091874400567311,0.13822667,-2.73408,2.6354156,0.5754754,-2.842170943040401e-17,-3.4002432333582133,4.694567924754953,0.9999748827486443,1.9899743491582644,0.004167799475603378,2.7075331980804718,0.36111920212548765,1750,-0.011034021,2.1249657,0.0036146394,2.25,1.0,0.017356785793037337,0.9527625218262676,0.9366325481700899
2357.924770495934,5000,0.05361401904578641,-1.1421386305938326,1.282958258161642,0.09144142700896565,0.12741542,-2.7469082,2.4135392,0.575982,-3.694822225952521e-17,-4.615363510391274,3.141785027311632,0.9999777999591468,1.9273526090367574,0.002790192067219212,2.6708845697074017,0.4130870481931528,1755,-0.010664325,2.1052704,0.0033559029,2.25,1.0,0.02643637082185776,0.9400953515063297,0.9244924171820275
2068.807097424678,5000,0.04306976734821997,-1.279981460919931,1.1932774380493527,0.09854016856076091,0.07813058,-2.729123,2.9286978,0.6242836,1.1368683772161604e-17,-12.334577814372022,2.9312678605725777,0.9999886335403371,1.6698792791230441,-0.42707139989903486,2.7177270453303763,0.8351808441080528,1760,-0.0126114655,2.0912876,0.0035657824,2.25,1.0,0.11820248575347378,0.8587919891525055,0.8229009348390802
2379.3126122368435,5000,0.05417983927471022,-1.1489488946989899,1.2410685317548893,0.09114858437267934,0.13517644,-2.6811523,2.6654675,0.5745297,2.2737367544323207e-17,-4.028681215476338,13.514581306499558,0.9999799535190005,1.9493663342082044,0.005996930891296534,2.928150762978426,0.428081872754122,1765,-0.011645401,2.077839,0.0035549735,2.25,1.0,0.02734971257868428,0.936164520194955,0.910882161847211
2383.3780894682645,5000,0.05444809774772004,-1.2095763293606834,1.184587996191591,0.08991435513141936,0.14152202,-2.854176,2.5055413,0.5734946,-1.5631940186722205e-17,-3.454887650591338,2.8085754805244507,0.9999801591444675,1.9535797449170227,0.007892805301619326,2.7457444148391765,0.3882550215054644,1770,-0.011627986,2.0555906,0.003746895,2.25,1.0,0.02667191985618188,0.9313197052659847,0.913405851802287
2448.6488529902317,5000,0.0555852061341819,-1.2320612647987996,1.2888363827918672,0.09004495821854727,0.13774082,-2.6042638,2.6235564,0.57129925,0.0,-3.299395135643617,2.7967917665104483,0.9999798040992384,2.0317581991110836,0.005756785175995793,2.9807407646540476,0.4939799597603016,1775,-0.013912262,2.0357761,0.004576415,2.25,1.0,0.03754761521373341,0.9250895088194375,0.9015391187439479
2364.0294146204,5000,0.0535852371715481,-1.191127284211268,1.3476152169241633,0.08941327180104033,0.1381653,-2.7409759,2.5685842,0.56821615,3.4106051316484806e-17,-4.6847622479526585,2.8055233293601134,0.9999799400985073,1.956252575098128,0.004674164790330228,2.7162305560719324,0.39433092658656843,1780,-0.013904596,2.0258284,0.0042521455,2.25,1.0,0.0374821979112798,0.9056237658120608,0.8929174349852838
1937.8386561277468,5000,0.036922685479801605,-1.1916043406384706,1.3957232737731777,0.10072331367598977,0.042548645,-2.7887514,2.5981622,0.63430613,3.4106051316484806e-17,-13.132590484443583,2.669678020468841,0.999988570517388,1.5608386641319325,-0.47032900456475835,2.86276442581189,1.1000875273634234,1785,-0.010010284,2.0260324,0.002841555,2.25,1.0,0.10540240094955956,0.9046833245428786,0.8854266256176669
2282.5612176582376,5000,0.048565762575945366,-1.1523990279258454,1.1871232186953449,0.0944816958218512,0.104877084,-3.150836,2.7860055,0.6030821,-3.4106051316484806e-17,-11.556406932979554,4.817454388108418,0.999987976250667,1.8427515429730905,-0.3593808697214021,2.7362570285729206,0.7060820440072655,1790,-0.013211922,2.0193892,0.0036335923,2.25,1.0,0.07780505071188673,0.8916246121719601,0.8421704517307732
2416.773318915636,5000,0.05390767238647869,-1.1342454515520233,1.1615859225876792,0.08921774876326857,0.13303119,-2.8411467,2.4711998,0.5663387,3.4106051316484806e-17,-2.8661396896522904,15.922679158206641,0.9999836484384615,2.001083939679514,0.007532352193546679,2.8798377047652997,0.3732675844332045,1795,-0.019017689,2.0221367,0.0066703795,3.375,1.0,0.037576039818644755,0.9045228070541955,0.8775736088489673
2343.0106890770703,5000,0.050118162240767275,-1.2601938426862695,1.2493879614907026,0.09325891710252925,0.11078558,-2.648756,2.7195437,0.59679085,-2.2737367544323207e-17,-12.495082135725827,9.817909133718407,0.9999845900352717,1.919025687677216,-0.2967357904778222,2.840299091322895,0.5979686942812473,1800,-0.009333188,2.0180273,0.0018273619,3.375,1.0,0.03933714692703534,0.9345460659627117,0.9075491162686085
2407.6939582540326,5000,0.05397487051220287,-1.2388837973290094,1.1739294885542966,0.08994388193100984,0.13256939,-2.5672667,2.6889458,0.57663906,1.1368683772161604e-17,-2.8890533421206235,13.219980182732211,0.9999844109974647,1.954587927663383,0.007381912103361067,2.8827291041123555,0.38626325721536003,1805,-0.009474881,2.0082216,0.0016990502,3.375,1.0,0.0394829820539023,0.8984196946108882,0.85598373136936
2586.146304743599,5000,0.05743307815956677,-1.1463937826762487,1.1989308894100557,0.09008438805023791,0.13525705,-2.8450174,2.504761,0.57966477,-2.2737367544323207e-17,-3.349507649879359,6.826813152207241,0.9999820657327889,2.131360981027722,0.011871525733862437,2.9366762711467382,0.40536198482985425,1810,-0.0075256536,1.9858618,0.0015632767,3.375,1.0,0.03596403443928312,0.9274587370427777,0.8844765794717544
2530.0730086981935,5000,0.056723453183686635,-1.1430725035177645,1.2005620974045939,0.08968638291666069,0.13685648,-2.5976746,2.6043282,0.5757691,2.2737367544323207e-17,-3.0608324465767085,3.470715470489924,0.9999806171824824,2.070736910198889,0.007632695188368195,2.99130853610363,0.4806878251261682,1815,-0.009853052,1.9846025,0.0021233044,3.375,1.0,0.036987092151736366,0.9251730938972476,0.9110665203056734
2516.0684590498036,5000,0.055581688799233565,-1.1615226042378588,1.2031080250614836,0.09038870400601726,0.132511,-2.8019276,2.5206363,0.5775835,0.0,-3.692408823853576,3.965151173484774,0.9999777403783034,2.1028194126822104,0.007850713363108192,2.8138237330267417,0.4001109763294451,1820,-0.0094075445,1.973958,0.0019687717,3.375,1.0,0.0194051161821072,0.9515284838009525,0.9431120118644695
2006.8320086072558,5000,0.03738981933706355,-1.188805562266235,1.226549403723941,0.10102501297552949,0.03676749,-2.5659776,2.7950244,0.6421247,-2.2737367544323207e-17,-12.849700729980812,1.5311621191217673,0.9999889326369988,1.6133330880426693,-0.4545093801291777,2.7556609196144497,1.135898730050424,1825,-0.009282408,1.9635348,0.0016618938,3.375,1.0,0.07762181977272617,0.9336916527138696,0.8819083784719101
2467.7644039428783,5000,0.05412218901668705,-1.1193845730615262,1.2942773350537404,0.09070220679263703,0.12836236,-2.665239,2.6425805,0.576146,-2.842170943040401e-18,-3.598517861866611,11.230112304792954,0.999986207837136,2.0301498897895325,0.008948685379730826,2.819232175721681,0.4355610989615503,1830,-0.013765053,1.9596462,0.0027924408,3.375,1.0,0.03675779039507371,0.9160408213476491,0.8699340613809178
2521.9943531719287,5000,0.055446293785510435,-1.140003919036846,1.234317949366727,0.09047207830101206,0.13278492,-2.5181005,2.7032843,0.572357,-5.684341886080802e-18,-5.18206935482662,15.814489938271274,0.9999829911546296,2.060739174837032,0.012709143229922925,2.7689588068518596,0.3865451256620511,1835,-0.009921208,1.9572825,0.001825996,3.375,1.0,0.026144904141791624,0.9326673472589845,0.8730734851750626
2539.607427121363,5000,0.055510348629716405,-1.2182312508546023,1.235876705727752,0.09123349820431045,0.12917814,-2.8043625,2.4719944,0.5808906,-1.7053025658242403e-17,-3.3127234208982834,2.8304041078811726,0.9999756746626419,2.106677627224618,0.007938021245987676,2.9027875257604356,0.43528991663579525,1840,-0.008461148,1.9367466,0.0017954957,3.375,1.0,0.021339264112622873,0.9516342091521749,0.9423382312087383
2512.988759194115,5000,0.05457040508040559,-1.1918792967564942,1.2842208822809302,0.09051261710975783,0.12666126,-3.072475,2.5648985,0.57466894,2.842170943040401e-18,-4.293478461185284,2.7322918586943565,0.9999788513026798,2.071282019236096,0.006241475135177785,2.8386439918726643,0.35056656579387335,1845,-0.009298043,1.923049,0.0019963202,3.375,1.0,0.030532914420108512,0.915433191113574,0.8938373324472643
2533.5000449383824,5000,0.05506396806551615,-1.1532255084763066,1.1578347561057625,0.09114665789148707,0.12320592,-2.910908,2.7156487,0.5807983,2.842170943040401e-17,-4.274447916118839,3.3954036519412494,0.999976803598668,2.082229215067244,0.009698802930106248,2.9006326141795844,0.4020856299356705,1850,-0.009427344,1.9166255,0.0019380051,3.375,1.0,0.022894290357255456,0.9434593558760184,0.9368942369184446
2482.6663147554873,5000,0.053516556089668516,-1.136293876822855,1.341334861725344,0.08952255850674445,0.12591158,-2.8094635,2.4913878,0.5697174,-5.115907697472721e-17,-3.6374543181611454,19.989184775451058,0.9999777389911524,2.0354632220456574,0.005017874737478227,2.8655577159019274,0.44960744120638974,1855,-0.011859211,1.9096661,0.0026030785,3.375,1.0,0.025137124564216493,0.9454571868773377,0.9234940572727359
2387.987800009195,5000,0.04788319657690107,-1.2968044893255959,1.2556827254038592,0.099335092249971,0.08426396,-2.91455,2.71208,0.62474275,0.0,-11.313341910477423,2.741239448111722,0.9999890110667431,1.9338745969929543,-0.39483534627802996,3.1189195460883417,0.9567801653194471,1860,-0.011040358,1.9042797,0.0019549394,3.375,1.0,0.149116316887161,0.8447770658896118,0.810859688968373
2699.289780052678,5000,0.058954304227762454,-1.174560024388749,1.341636326009021,0.09255883197314765,0.13376364,-2.5971904,2.5449028,0.59048146,4.263256414560601e-17,-3.5385279166075447,9.165630776397677,0.9999810079153524,2.2191069897532505,0.00891088028856894,2.9660267173209878,0.4729486208591068,1865,-0.011294251,1.9064693,0.0023983342,3.375,1.0,0.030487851396007203,0.9436982324242813,0.9397086032623526
2626.140646712736,5000,0.056683009357467166,-1.2673079558617326,1.2748233165980087,0.09027719780961486,0.12926368,-2.6845498,2.6795297,0.5782373,-1.1368683772161604e-17,-3.4419587521942265,10.024104318826382,0.999983870085848,2.134169758189167,0.008070565070360552,2.904503996679583,0.47091252100145664,1870,-0.009183951,1.8902116,0.0020774796,3.375,1.0,0.02613330441440937,0.9478222694618506,0.912433273877514
2475.6229514465367,5000,0.05336000343946885,-1.2155250767128043,1.2420003328117306,0.08926732678940281,0.1294192,-2.9811532,2.7014353,0.56931466,-6.821210263296961e-17,-3.4968941475281277,3.563631612960873,0.9999782149686504,2.0542307946185843,0.006494327529119352,2.7659426073075837,0.3889708242885005,1875,-0.010941216,1.889472,0.0023984725,3.375,1.0,0.02976120190880604,0.9262179405085356,0.8929283776660298
2647.5508427519003,5000,0.05700431993106623,-1.179511624043509,1.1743367321772347,0.09055259784786591,0.13130866,-2.698021,2.7529554,0.5784051,-2.842170943040401e-17,-3.897250761562263,6.261489784706242,0.9999785838473046,2.1772954410002763,0.007927751151770515,2.9019452575589932,0.4350137463473214,1880,-0.009002389,1.8786926,0.0019495069,3.375,1.0,0.026625835906017654,0.9434907131757498,0.9338154691150938
2547.702539135765,5000,0.0542795710923709,-1.2509391589602628,1.2017285650382268,0.08974494356689018,0.12628393,-2.630514,2.6045418,0.5746955,-3.4106051316484806e-17,-3.832669955962752,2.8141769457405363,0.9999797483583274,2.0979424068290946,0.010345966371669655,2.9919911913297343,0.4687844711094487,1885,-0.008900257,1.8812299,0.0015588976,3.375,1.0,0.038564314904604,0.9188862971791133,0.8945639052900336
2558.4247941129674,5000,0.05435185450614065,-1.1671316056921188,1.4360271355101768,0.09019162265045216,0.12716497,-2.5616972,2.7462273,0.57711685,0.0,-3.813780486488788,7.306024427640601,0.9999788839113175,2.11897377395755,0.010807270615223739,2.884676487922191,0.42452731655623577,1890,-0.0106249135,1.8706641,0.0021498154,3.375,1.0,0.025402499014833865,0.9402017390131245,0.9284252154943001
2533.2736532986028,5000,0.05235770960167627,-1.216190608150063,1.201879075359213,0.09311666357495324,0.11176546,-2.6781533,2.7173243,0.6000011,5.684341886080802e-18,-7.672927407949041,3.5199463727289824,0.9999834131853313,2.086272973373358,-0.16773057617625178,3.0696615501258186,0.5939734235147691,1895,-0.010346146,1.8441296,0.0021065392,3.375,1.0,0.05165104185137728,0.9130790314781134,0.8836956064274634
2618.7096905269564,5000,0.05501874855397386,-1.171502173082295,1.2033121186286104,0.09055556180133577,0.12375999,-2.8410735,2.6351097,0.5768444,1.7053025658242403e-17,-3.4190051216012822,3.9101928229838436,0.9999813955745168,2.140685351915105,0.006266309484290792,3.2499168840411823,0.49679805454491927,1900,-0.009239486,1.8471136,0.00206221,3.375,1.0,0.04528540002718615,0.9090054944470934,0.8910973949617548
2727.9972883619475,5000,0.05762531803199505,-1.2043187238299071,1.23580284192158,0.09333913999230453,0.123697154,-2.8439252,2.682405,0.60280234,0.0,-4.079433118938243,12.318414594239666,0.999982661666174,2.2428710259105302,0.00987421818230508,3.102051407385264,0.4728933837892073,1905,-0.008780342,1.8404627,0.001636028,3.375,1.0,0.034623169287835924,0.9319474365467003,0.9140224458991084
2197.0322573260587,5000,0.04026097416486928,-1.2404319853823835,1.2666570991037849,0.10013031688408018,0.047930237,-2.728959,2.9764128,0.6362892,0.0,-13.309353355435128,1.5781280286988835,0.999990071684835,1.7560218396498894,-0.4590680796642818,2.948439294947665,1.169866396726275,1910,-0.008679284,1.8344903,0.0017232845,3.375,1.0,0.15375639807137995,0.8744476174125396,0.8449555035655748
2624.707141171989,5000,0.053551552414221645,-1.1800291515909977,1.3282706423702229,0.09597050722265506,0.1042605,-2.6016755,2.7415361,0.6155837,-4.5474735088646414e-17,-9.902011509370338,12.431074005360054,0.9999878290022767,2.1401299269165457,-0.31009957814167466,3.117766863104903,0.7446923124336136,1915,-0.010547668,1.8224812,0.0019306536,3.375,1.0,0.0831062043435367,0.8936223142471762,0.8440176844250835
2534.918309840158,5000,0.05282602565332783,-1.2138955865058998,1.103890832435664,0.09164060704729421,0.11641477,-2.772005,2.8347573,0.5890944,2.842170943040401e-18,-3.9960115229433883,10.214127918282596,0.9999852935386223,2.0915945146019372,-0.06721620909728995,2.944375082536164,0.4707826324305341,1920,-0.010909811,1.8253002,0.0023534591,3.375,1.0,0.034313454273106316,0.929134930034724,0.9129901734317695
2607.0798041961716,5000,0.052721211649314974,-1.15272644436345,1.2109236726272228,0.09550978501038067,0.1005623,-2.5634768,3.0440125,0.6132017,0.0,-8.435035337969985,4.538078891589859,0.99998728991938,2.133263481557471,-0.3332848420576375,3.044750826968595,0.753972939576934,1925,-0.009790465,1.7984657,0.001982483,3.375,1.0,0.10991128285271015,0.8577746007930204,0.8418253790394684
2734.5944268586477,5000,0.057554985638567084,-1.1968897917900814,1.2383593256418959,0.0917375035393776,0.12521556,-2.64353,2.5630548,0.5909753,-2.2737367544323207e-17,-4.248327699177825,12.50710167652732,0.9999827714715404,2.23028705764043,0.009059497288679162,3.1576774495841153,0.5108819455159895,1930,-0.010405844,1.7971191,0.0020705152,3.375,1.0,0.031200786645868357,0.9394319678103967,0.927383414194583
2625.94568820893,5000,0.05438868215856934,-1.248115211952759,1.1997474623700033,0.08985951595695904,0.119660504,-2.6983027,3.0828986,0.5742994,-1.7053025658242403e-17,-3.46991211608834,6.851808253108991,0.9999816039661611,2.169249719381491,0.006179859595503336,2.9757343629744684,0.5031736925568663,1935,-0.009901857,1.7790785,0.0021803689,3.375,1.0,0.021770663388351773,0.9593564828425665,0.9420785289741652
2633.590182046521,5000,0.054894430283461165,-1.3657191438766045,1.2245214716264625,0.09088866092700416,0.12433663,-2.5829496,2.5871415,0.5825114,-1.9895196601282805e-17,-3.4796521815056223,9.480922148416859,0.9999816993943718,2.160342901974707,-0.04266796353020405,3.042254297149924,0.4180696048828266,1940,-0.010323509,1.7667098,0.0022036983,3.375,1.0,0.03408346687593094,0.918917701268883,0.8824257195484414
1907.5961684185927,5000,0.028671436665213185,-1.1929715305577773,1.2437663863334254,0.10361682133589498,-0.008641583,-2.7295742,3.1867707,0.6546939,1.7053025658242403e-17,-10.547258787053664,10.822756746523298,0.9999918460787179,1.5356860572702509,-0.49345560997384047,3.0847096651656476,1.628970461003382,1945,-0.014382436,1.7594337,0.0031694265,3.375,1.0,0.16260741971361226,0.9002779591649459,0.8740926716716741
2669.822987295739,5000,0.055050129704672296,-1.1236680678894213,1.150798637031439,0.09023459974711331,0.11811342,-2.7390232,2.8273566,0.58087015,-2.2737367544323207e-17,-3.8946527644420903,6.3658916614557,0.9999813351286956,2.190538417019177,0.01083802060632298,3.0248232592325293,0.458948400058621,1950,-0.0096581,1.7470465,0.0022329418,3.375,1.0,0.026235484029330132,0.9432163894764285,0.9204696444300628
2770.4947005306612,5000,0.0574186806323968,-1.281152007804842,1.1611929244692052,0.09036114704900067,0.12882079,-2.5698752,2.9063137,0.5759106,5.115907697472721e-17,-3.87583406308322,6.403975716483549,0.9999804339396252,2.2845684674414994,0.012606116385847497,3.319327878601456,0.5339089718352135,1955,-0.009246985,1.7300253,0.0019547197,3.375,1.0,0.03187074490963102,0.9413543317262605,0.926103259760306
2717.7950626733814,5000,0.05523098278900288,-1.0501625010883588,1.2161146011035373,0.0915835256740155,0.11628857,-2.5967247,2.541658,0.5909745,-5.684341886080802e-18,-7.302032021259414,10.036525506504123,0.9999808079393401,2.2311913633722806,-0.1562769710797702,2.9941784035790686,0.5560825982242421,1960,-0.009521298,1.7292056,0.0017190921,3.375,1.0,0.03818777620072879,0.9314284563710629,0.9136017461963133
2719.552605352002,5000,0.05618166607089556,-1.1473232254464667,1.248365247869344,0.09037183127766348,0.12635948,-2.7346356,2.448494,0.5854737,0.0,-4.497889657214334,3.793915118399921,0.9999779002865969,2.2208307124517086,0.013821222336467726,2.9914892754269022,0.4896094641310341,1965,-0.00913477,1.7206068,0.0016019052,3.375,1.0,0.021684435261982337,0.955896715551244,0.944463236115318
2701.036613976687,5000,0.05562832526744445,-1.1783980219743138,1.2598641933638162,0.09017826863249846,0.12849857,-2.7105482,2.6473966,0.58534664,-4.5474735088646414e-17,-3.556311347649914,13.797061793093246,0.9999788154055071,2.220902918995339,0.013115262031164103,3.10232340587444,0.48144527909280477,1970,-0.010590864,1.7157059,0.0021560125,3.375,1.0,0.023746371576592602,0.9510113522715371,0.9425031524341988
2806.617200003435,5000,0.057816769041304464,-1.219350223166456,1.2199489733425348,0.08918451123184333,0.12895228,-2.9381087,2.7632809,0.5750393,0.0,-4.364422416935004,15.888242596011809,0.9999770598912295,2.2797145235359393,0.010746715150478061,3.2790425943837196,0.49458866100938903,1975,-0.008568651,1.690773,0.00189417,3.375,1.0,0.019428328482987724,0.9607543413049113,0.9498248271930043
2723.8091592156934,5000,0.05597155162555556,-1.1513800096770173,1.2876458520413734,0.09019214748990682,0.12697732,-2.5703151,2.6141002,0.5802751,0.0,-3.8750604057838256,4.943104052438386,0.9999798333009087,2.266965529953788,0.0048573102628983,3.0856716826700947,0.477812264020803,1980,-0.009497231,1.6799746,0.0017916786,3.375,1.0,0.023142574436954513,0.9515699198645873,0.9329811593351668
2642.56440964706,5000,0.051116715935425314,-1.2930578144440867,1.2314390323705822,0.09713082046937975,0.09488251,-2.6105986,2.8425536,0.6253391,-2.2737367544323207e-17,-11.448007669234267,1.94685279692211,0.9999894215376708,2.1121922124919936,-0.43369823582994105,3.1971800552873866,1.0840745732171633,1985,-0.009650618,1.6755576,0.0017502712,3.375,1.0,0.14125486204624305,0.8697563801818238,0.8265814957787968
2825.570462316375,5000,0.05718487651559028,-1.2603343265586777,1.1960262257179521,0.09127652602180567,0.12238504,-2.9236207,2.6891472,0.59212166,1.1368683772161604e-17,-4.359744344892034,3.555940421278159,0.9999818510235243,2.320640475318773,0.01082138262693935,3.257582004364641,0.5577267962939501,1990,-0.00911436,1.6627841,0.0019583267,3.375,1.0,0.047596341225953645,0.9159514776761103,0.9009271714672019
2739.6630212630976,5000,0.056319773929105386,-1.1661616804471837,1.243551915114693,0.09026406899300181,0.124641076,-2.8125112,2.5349412,0.582005,-1.1368683772161604e-17,-3.453284412114057,7.517256195682122,0.9999849990129879,2.2737854703568074,0.009482699879527112,3.1067276258901155,0.5545132540449613,1995,-0.010311398,1.6565752,0.0021732242,3.375,1.0,0.03359506305221844,0.9397227339501855,0.9165476560685111
2700.9907539308797,5000,0.05481457423853622,-1.1732055973657736,1.2975861463194318,0.08867131227721439,0.12419799,-2.7718897,2.6332269,0.5690594,3.4106051316484806e-17,-4.037717211525409,4.191107823320058,0.999980646459769,2.2190513339821036,0.010326402727854097,3.214491474230337,0.49369931884974266,2000,-0.010040183,1.6507463,0.0021385467,3.375,1.0,0.020656888494035804,0.9597813598634168,0.9434981034134052
2818.843659476526,5000,0.057442200467749796,-1.1690129851608249,1.140946240730694,0.0918223218285929,0.12763998,-2.6067755,2.596796,0.5921897,2.842170943040401e-17,-3.604518889755065,3.9949767586975717,0.9999759728947997,2.3201059021390096,0.009167478731308855,3.1279149981414616,0.5575609884833369,2005,-0.010010559,1.6410646,0.0022619318,3.375,1.0,0.02145849694899715,0.9647372069847914,0.95259043929507
2805.1324736084994,5000,0.05651128155921097,-1.1162424874271566,1.2247875230329808,0.09046639699904374,0.12294184,-2.572827,2.6566079,0.58172846,-1.7053025658242403e-17,-3.3894324087091507,3.5092070238511246,0.999975489506526,2.311636260078649,0.00794720369037703,3.0480043617948565,0.5611730052813264,2010,-0.009150008,1.6219654,0.0019945703,3.375,1.0,0.018643629391954318,0.9672477269492198,0.9605660771933971
2841.2919639141683,5000,0.057494562430770606,-1.0771374977596784,1.288093744168005,0.09085031402845606,0.12950252,-2.712859,2.4914818,0.58429664,-1.7053025658242403e-17,-4.267770569084329,3.319154828253188,0.9999793781785346,2.339780607844704,0.0031903892522971117,3.201901596823805,0.530473407358409,2015,-0.008907711,1.6008635,0.0017829054,3.375,1.0,0.024081856416306686,0.9552521462195436,0.9456401135333088
2881.4028469259856,5000,0.05746991902702832,-1.1166639858243916,1.2409664640607672,0.09111969984670641,0.12512103,-2.619843,2.363183,0.58505255,2.2737367544323207e-17,-4.006359470218387,4.580877674873597,0.9999756383923599,2.3744405413783696,0.010313309579106896,3.397922826668675,0.5222265313234349,2020,-0.009820302,1.6080489,0.002121228,3.375,1.0,0.023552576333138592,0.9550165573155199,0.9485796944807936
2050.7389295474845,5000,0.0310690154165651,-1.1810522885627028,1.3113074139026022,0.10338432222180113,0.0070272107,-2.63303,3.0179312,0.64121085,-5.684341886080802e-18,-10.107845214501555,1.1949160899875653,0.9999925143797486,1.596725622303597,-0.41996805068247955,3.115854493967197,1.6211222252961077,2025,-0.008164591,1.6042137,0.0015458729,3.375,1.0,0.24637013530763696,0.854526726243305,0.8007833469264294
2796.072605989106,5000,0.05554501519429827,-1.3346123294317105,1.1872958769982354,0.09034354600091439,0.119671844,-2.7671666,2.745235,0.58340764,8.526512829121201e-18,-2.52783479867952,15.249961598409461,0.9999862303750501,2.2960567518982424,0.009667785331964647,3.0914718989829186,0.5431826747373972,2030,-0.010686766,1.5953469,0.0022939423,3.375,1.0,0.05373949381231396,0.9159716767812061,0.8875058569995251
2849.015416599443,5000,0.05718422756143121,-1.0791557251115709,1.2458901434248486,0.09054228384818509,0.1275522,-2.882964,2.5229676,0.58443564,2.842170943040401e-18,-2.7652271476438943,9.67020173128119,0.999985940906974,2.357006907269224,0.007700185369259323,3.1652296014540497,0.5714430386565642,2035,-0.012260448,1.6028223,0.0026458683,3.375,1.0,0.02051393471543744,0.9650389856269423,0.9008301939293631
2808.0475910416135,5000,0.05605211980743702,-1.1377397733329393,1.2760791482106209,0.0899634105750755,0.12608714,-2.798299,2.5247335,0.57518965,-4.5474735088646414e-17,-3.499519631391505,2.748760154303871,0.9999799098380358,2.309396767446351,0.006369349052416856,3.411226730736332,0.5715682673046375,2040,-0.010525839,1.5962248,0.0023695743,3.375,1.0,0.04327060512699502,0.9258127467854563,0.9140205253984957
2899.543380055826,5000,0.05769152943638424,-1.1565965289858817,1.2498776484408176,0.09092091586165707,0.12435068,-2.6709423,2.608589,0.58880043,0.0,-4.054577301617566,3.2222246419566076,0.9999763964392024,2.390293428560862,0.009161506088440213,3.1431013577124185,0.552730302959948,2045,-0.009953566,1.5837297,0.002022707,3.375,1.0,0.017763605414954867,0.9705082489489474,0.9663474456943167
2896.6890032723195,5000,0.057393736450130545,-1.1139143765826178,1.1395066494376977,0.09041207660097272,0.120040394,-2.6374865,2.4826715,0.5868426,1.1368683772161604e-17,-2.9637535244163256,21.967122755361647,0.9999813683813654,2.3658682223512524,0.011998460438484482,3.2297052935899013,0.6081411962770172,2050,-0.02232879,1.5658674,0.0040765847,3.375,1.0,0.02304210324392518,0.9628896469148532,0.9418938143348793
2956.207702680569,5000,0.058577821818645306,-1.1397197356882602,1.2786775496987368,0.09210260116778643,0.123085104,-2.9575455,2.7624447,0.5970626,3.979039320256561e-17,-4.965148870487845,3.1815669688044856,0.9999760265099736,2.434640808683349,0.007423214010391127,3.2810613717255244,0.6093134459484216,2055,-0.0095790485,1.5488667,0.0022881376,3.375,1.0,0.030231648882901516,0.9533960723219393,0.9460821967312073
2910.903429567751,5000,0.057522782766655595,-1.1127356245264517,1.2667752371322634,0.08959392575443721,0.12680982,-2.7663715,2.6420057,0.58191043,-4.5474735088646414e-17,-3.576981087571634,3.7652584481367133,0.9999775172805736,2.3895069746048114,0.007291691284358315,3.308114494938926,0.6677042111991266,2060,-0.010102121,1.5370445,0.0020488477,3.375,1.0,0.027207712200841457,0.9596986396838548,0.9521637962032098
2916.0674314537964,5000,0.05787716332864015,-1.157740008417348,1.2608417666457228,0.09148236453403007,0.12529439,-2.6573014,2.3101428,0.5910689,2.2737367544323207e-17,-4.16603596807661,3.8087524928164096,0.9999773281479111,2.4061602074854003,0.008081486949514336,3.316825967369483,0.536976035878356,2065,-0.008959851,1.5301342,0.0018460389,3.375,1.0,0.02236317984293292,0.9583636313721,0.951755636920911
2902.7025580353993,5000,0.056954757939385044,-1.3028051545831631,1.4027289057656882,0.09134285202839242,0.124723606,-2.5618238,2.537441,0.5917143,-1.9895196601282805e-17,-4.265165231019285,3.8481536078383787,0.9999783059764271,2.401129756131849,0.006531856803358898,3.2974599356040017,0.5487346398124635,2070,-0.009899901,1.4973779,0.002297689,3.375,1.0,0.024745991443555552,0.9549656665314138,0.9336562364906696
2938.9010686141737,5000,0.057321044883303085,-1.1682463263305518,1.3192612400072556,0.09075042532001429,0.12545222,-2.5694056,2.7531104,0.58397144,5.684341886080802e-18,-3.560485803211787,2.751718291846053,0.9999776012292645,2.4354211068503315,0.008851639856996153,3.3016844035587822,0.6134900576965617,2075,-0.009144129,1.4716806,0.0020138738,3.375,1.0,0.025823179881929934,0.9581862164098268,0.9486458236114316
2940.739631561809,5000,0.05701836343875028,-1.2370160778386923,1.24763654745778,0.09044738532172718,0.12350884,-2.580229,2.5760603,0.5852688,0.0,-3.7823357484613425,2.6894088532738314,0.9999795589654168,2.3949958292182805,0.01569303356358138,3.1989364406871426,0.505575754363074,2080,-0.010622746,1.4633818,0.0022927674,3.375,1.0,0.026721602095725376,0.947492353591814,0.9194127532460032
2994.114826718738,5000,0.058471161885357135,-1.1248101789603875,1.357464169165165,0.09067375163739703,0.12768878,-2.4677696,2.6530235,0.5842645,-7.105427357601002e-18,-3.8361795378992127,3.6426343058425763,0.9999777080942811,2.4598073605945476,0.012238113465752815,3.3643563086870025,0.6049313804947671,2085,-0.008903992,1.4428787,0.0017354706,3.375,1.0,0.02235464003679034,0.9640525231871012,0.9533140166050833
3004.0209209483983,5000,0.05847885620514926,-1.0721179297610857,1.2401822980576853,0.09099831344752113,0.12422354,-2.7535093,2.4986472,0.59318393,0.0,-3.6900466643599654,5.231924313766784,0.9999757766378469,2.4767769525471084,0.011902383034833644,3.3063587132127497,0.6458603269837813,2090,-0.010282937,1.4165983,0.0022130974,3.375,1.0,0.015471672544727887,0.9762207247385774,0.9609537387895113
2969.4559114180574,5000,0.058080456623608834,-1.2372295090620495,1.2050618812232938,0.09144317786602764,0.12336517,-2.7117968,2.3528595,0.5933478,0.0,-7.107970928851432,9.897343219127082,0.9999779915985028,2.435471977493705,0.013833927081835567,3.1976634908223516,0.5637993922480565,2095,-0.010371844,1.423017,0.0022067756,3.375,1.0,0.02220935242103206,0.9609759167597326,0.9543643322370812
2924.8107005304496,5000,0.05692901544384045,-1.1323318618923588,1.211001971249117,0.09028101557408719,0.12807767,-2.6711483,2.774148,0.5853308,-4.5474735088646414e-17,-3.7285704320597213,3.7629599062100954,0.9999804988252483,2.4285577142760064,0.008710081004960452,3.302957975857888,0.5418007245320449,2100,-0.010358611,1.4125729,0.0021227424,3.375,1.0,0.033094271345627625,0.938950217606979,0.907984659238885
3008.772031683413,5000,0.05870076878827787,-1.216506771292741,1.3017908687591258,0.09056198722797128,0.13020803,-2.6750085,2.931168,0.5878133,-1.1368683772161604e-17,-4.3266024743047975,4.00678693812753,0.9999778920646447,2.5025826580824186,0.009849027207651838,3.3277833146645395,0.5295260428791129,2105,-0.0109957345,1.4129496,0.0021426633,3.375,1.0,0.022098187296556295,0.9589673470572521,0.9568128875393005
2330.916847822837,5000,0.03823901270627296,-1.2280086146016038,1.1553948913821295,0.09983585687833077,0.048217498,-2.5975966,2.8620176,0.631717,0.0,-13.173251890314285,5.303563744357049,0.9999901633535107,1.9091873530653807,-0.44292774699527987,3.3269847872765346,1.5221793529743957,2110,-0.009410998,1.4119072,0.0020263186,3.375,1.0,0.16149000857697143,0.8981112352361378,0.8789483373062765
3001.9727854301923,5000,0.05806941580078728,-1.122020176779796,1.1495721344891248,0.08971618276085319,0.12501627,-2.720826,2.5520768,0.5870635,5.684341886080802e-18,-3.4337715740074315,6.612583510051243,0.9999818968747495,2.449599801186939,0.00984123348873289,3.495883195997521,0.5893406894571365,2115,-0.010028074,1.3994331,0.0019808253,3.375,1.0,0.05349019121552219,0.9128095861493662,0.9083604349485269
3058.259881022791,5000,0.059313259706755224,-1.179987972881628,1.2562459114393207,0.0911537071872438,0.12815723,-2.4987268,2.9072044,0.5956282,2.2737367544323207e-17,-3.1457364779102175,7.30392945645077,0.9999852061411406,2.5303325907591194,0.0100498294770863,3.677334121895949,0.6500223721016444,2120,-0.010078853,1.3779416,0.0021598984,3.375,1.0,0.03945731109796819,0.9420852421503096,0.8917374952413183
2807.68335097482,5000,0.05120063845999547,-1.109901013489608,1.2493577556174635,0.09648792344186449,0.095237166,-2.7612085,2.7028046,0.61704475,1.1368683772161604e-17,-13.562268906868955,2.127444391182775,0.9999896457511622,2.290044096632815,-0.3749169300223607,3.3235431066948897,1.1444610591685773,2125,-0.008230865,1.3657522,0.0016718457,3.375,1.0,0.1344880385487531,0.8835091947856305,0.8627913730295544
3006.41928975362,5000,0.05734400634667143,-1.1083918514009858,1.2021761944320757,0.089752439147309,0.12696265,-2.6796887,2.606857,0.58237106,2.2737367544323207e-17,-3.4590632679523052,4.871673839500174,0.9999813136235541,2.478725092648082,0.011360018876562105,3.5639080310734865,0.6614336038606726,2130,-0.008900428,1.3748064,0.001986968,3.375,1.0,0.04551519897572395,0.9313657577692708,0.9324988162389624
2502.3834520422743,5000,0.0415138589910514,-1.1514711813483909,1.2020911036874806,0.10193267430447205,0.05229139,-2.5184846,2.825714,0.6369628,-3.4106051316484806e-17,-10.492521511676122,3.342695091513548,0.9999908457966954,2.015279646382018,-0.4444339033148041,3.442974473958018,1.6755505919126366,2135,-0.010241253,1.3802462,0.001844704,3.375,1.0,0.1615719611514089,0.903827021306468,0.8603347934283502
2967.338122114218,5000,0.056998494470944426,-1.1731621519589261,1.2554748396010869,0.09017069036160584,0.12649266,-2.5822132,2.4696364,0.58777547,8.526512829121201e-18,-3.6924806970980177,5.090888876614958,0.9999828589740766,2.4722726863226887,0.012476534962271796,3.1723804729716116,0.5223900892193085,2140,-0.008337645,1.3803568,0.0015861812,3.375,1.0,0.023411599375684725,0.9556519488826488,0.9483898078864217
2451.976197975123,5000,0.03942089004820704,-1.1217436416481203,1.2233453853631586,0.10153142281389442,0.041118804,-3.0339272,3.0405083,0.6393575,5.684341886080802e-18,-11.157066941637016,4.6334754413219805,0.9999909516567568,1.9813964106520314,-0.39512260805956456,3.3545561873299925,1.6916033149644762,2145,-0.010955047,1.3540401,0.002164531,3.375,1.0,0.15362641092796595,0.9098757805636657,0.895680537668981
3109.771855712016,5000,0.0593566466098855,-1.1350581265162936,1.1492799968691463,0.09014056726179004,0.12950888,-2.5905526,2.5455859,0.58680195,-1.7053025658242403e-17,-3.360625982725848,15.390463397015743,0.9999818923034949,2.5520620699594385,0.007299783137895935,3.468451126691033,0.6521923206250858,2150,-0.011867772,1.3396349,0.0025080661,3.375,1.0,0.03551789293645444,0.9485959037469492,0.92647802358282
3017.289040921317,5000,0.05755248131864058,-1.1496717509303276,1.217623791754966,0.089333913537678,0.12631692,-2.6707442,2.356193,0.5825453,-1.5631940186722205e-17,-3.774380401699674,6.0426702646957775,0.9999830254996502,2.496401423455545,0.009335559687568329,3.4900914151402085,0.6141702853500793,2155,-0.009052103,1.3051043,0.0019007103,3.375,1.0,0.026057963772645888,0.9582229752953831,0.933134692915268
3099.842535209255,5000,0.0590246403359349,-1.130483294675046,1.2603203752831755,0.09097613278547463,0.1299065,-2.4727268,2.3500695,0.59373206,1.1368683772161604e-17,-4.1052038808301825,13.636127492512067,0.999980082631145,2.5521548664049343,0.011308538262757234,3.5279714847214056,0.6333154302462292,2160,-0.0105370525,1.2979321,0.002342192,3.375,1.0,0.03482597232576207,0.9454947469935546,0.933248348930342
3065.4932471438005,5000,0.05836223108209424,-1.2517844336623059,1.1459645369870228,0.09049569349428441,0.1247952,-2.5455341,2.5665822,0.6001014,-1.7053025658242403e-17,-3.6174246822419707,18.978488144909036,0.9999789647322348,2.5176320952248172,0.0063227750554551735,3.3633335755914024,0.5877157149434391,2165,-0.011142948,1.2813816,0.0022505242,3.375,1.0,0.022486510366484008,0.9618681510582655,0.9516849005132473
2983.3550808577265,5000,0.05605322081231642,-1.1592409002031678,1.1911605209048393,0.09017189244775609,0.12013604,-2.719689,2.8313215,0.5913983,0.0,-3.9711398906925965,4.127262699162589,0.9999779091209541,2.4546754259112302,0.014867452322802718,3.3510142745850646,0.6058064054416907,2170,-0.00982515,1.2715464,0.0020482785,3.375,1.0,0.03165299364339103,0.9481028057426706,0.9406396768344065
3030.7889813530724,5000,0.05714003031811173,-1.1703729927130493,1.2212462454698856,0.09019941764233058,0.12329894,-2.4428587,2.50835,0.5903686,-1.1368683772161604e-17,-3.9682915516598314,3.3078896783228275,0.9999792255367355,2.50468766119582,0.0120268304055386,3.4313804313021032,0.6230585213119165,2175,-0.010667293,1.2703943,0.0022309166,3.375,1.0,0.02058787045819919,0.9673913505610859,0.9604772000774278
3064.274974820979,5000,0.05755309063493019,-1.0858297340284853,1.1660351034945602,0.08957773696310517,0.12719616,-2.5901299,2.385868,0.58741325,1.1368683772161604e-17,-4.823935934005704,3.25014238052995,0.9999789530295502,2.547563423425673,0.010306200206110824,3.3752972099511185,0.6189850953954921,2180,-0.009078443,1.2509537,0.0020036057,3.375,1.0,0.030056469489239946,0.9515892566905003,0.9373912118868019
3186.2654833584793,5000,0.0602133052762819,-1.1156666208453636,1.282310723757111,0.09049144523999333,0.13291004,-2.6750734,2.5664022,0.5969998,-5.684341886080802e-18,-4.750815268864721,3.350653782504943,0.9999788527747973,2.6086735800014473,0.014302294625327944,3.604321980416674,0.6968019558300149,2185,-0.008470134,1.2317524,0.0017053896,3.375,1.0,0.04059276243164887,0.9442596560741249,0.9288644632841273
3103.9473422614146,5000,0.057604098008346136,-1.3238705943485098,1.2080095176633332,0.09374712852786236,0.12024469,-2.6621332,2.7806363,0.61097115,1.7053025658242403e-17,-9.177974528177758,2.6394178647971653,0.9999834634985049,2.5259654535514104,-0.18448969000982005,3.412424751445284,0.8003501618351464,2190,-0.012343969,1.2156043,0.0022596684,3.375,1.0,0.048401467397614716,0.9400564993373273,0.9189688749596634
3085.323772217194,5000,0.05796161903265594,-1.182518780539996,1.2791184519131342,0.09087194667627276,0.12696624,-2.4390197,2.5230722,0.59883815,-2.2737367544323207e-17,-3.2770375108847642,3.7046999368387774,0.9999797878302532,2.542233490981385,0.014694609007792691,3.2801718703627376,0.5810605576635836,2195,-0.009159846,1.2025175,0.0018213321,3.375,1.0,0.02252961886909219,0.9612288449206012,0.9425796769873751
3135.4370222947614,5000,0.05845596306017002,-1.093024930319571,1.390545086677878,0.09054461366741608,0.1277239,-2.7846045,2.3590274,0.59567314,-1.1368683772161604e-17,-3.9301385359509085,10.007973071497727,0.9999810965872427,2.5809218997800074,0.0151771399476561,3.4866506537769473,0.6918498674205835,2200,-0.009043891,1.1887827,0.0018238152,3.375,1.0,0.03878807171882909,0.9441825789666866,0.931001186138801
3248.8157349372077,5000,0.06077156578105563,-1.1710795117512887,1.144375806491963,0.09183326769509906,0.13162272,-2.5334673,2.534795,0.601031,4.5474735088646414e-17,-4.086273363636226,4.402015355576547,0.9999782665882302,2.6940236061280185,0.007384682617846585,3.644581316966984,0.7007530153512974,2205,-0.009900597,1.1929827,0.0020712777,3.375,1.0,0.0270121666892083,0.9624692829210603,0.9545602853686058
3150.4016571625034,5000,0.058488218967625474,-1.2267657464754005,1.1804479046984233,0.09004060457479364,0.1254346,-2.596474,2.8291574,0.59477425,-1.7053025658242403e-17,-3.5442736196626194,16.8199455103477,0.9999800702384906,2.5920995890652443,0.011578595255821835,3.4351243974588757,0.6613497557719625,2210,-0.024708673,1.1853075,0.0045354683,3.375,1.0,0.018442794809142876,0.9752304483800217,0.9676478679451416
3190.02308884601,5000,0.059025259833906676,-1.1818090952561853,1.1987390839692278,0.09080863257461588,0.1280484,-2.658939,2.6386871,0.5991897,0.0,-4.143722530661543,4.740127707754087,0.9999769503704709,2.625783367128079,0.014692252782659593,3.4808268551787602,0.6990076887145796,2215,-0.010201067,1.1777964,0.0021335983,3.375,1.0,0.01793674924204682,0.974769687882173,0.9685070205706673
3158.090437873816,5000,0.058521067239482416,-1.1217436428446221,1.2493751727253255,0.08971024445302117,0.1258333,-2.571546,2.7551718,0.59921837,3.4106051316484806e-17,-3.2254074751984545,3.1207037415864236,0.9999772439392582,2.6147448394252395,0.011663399327886634,3.6321022019960276,0.6008123852911506,2220,-0.010277807,1.155457,0.0023830205,3.375,1.0,0.025475143023337338,0.957638402340489,0.9414743772162594
3163.604717972725,5000,0.058644568126537,-1.2042751213374436,1.2205126352121665,0.09049563737051586,0.12856913,-2.7559237,2.7407553,0.59902316,4.5474735088646414e-17,-3.180153754133357,2.642517083667001,0.9999783941721504,2.608129515400817,0.010220047137101127,3.4240267759363725,0.5968460617559272,2225,-0.009367261,1.1581993,0.0021525254,3.375,1.0,0.025012556747267076,0.9581376719586445,0.9422963077462917
3022.7204247733894,5000,0.05377412597048426,-1.4202803039991507,1.2271060864990468,0.09504471039111403,0.108284816,-2.4854977,2.6396968,0.61355585,5.684341886080802e-18,-11.92422353070376,1.656219857085868,0.9999875115896786,2.458481569590561,-0.2989434841171498,3.612920877323711,1.0053356972319178,2230,-0.011240659,1.1556864,0.0021340223,3.375,1.0,0.0914882115180628,0.910259522160959,0.8715308618083903
3260.153013251761,5000,0.060377222755091824,-1.102664630386015,1.1428072544446999,0.0898910198452935,0.13195111,-2.5018904,2.3243039,0.59379286,1.7053025658242403e-17,-3.2803442801774385,10.377529503962116,0.9999804711952054,2.663618282197031,0.010215987705645158,3.7990075633862417,0.7788391273991386,2235,-0.011021554,1.1457653,0.0023640955,3.375,1.0,0.04244666148241578,0.953077649797398,0.9433676363563483
3274.0730545766014,5000,0.06042170824614924,-1.1287597217157963,1.1871000907694198,0.08999462671435358,0.13406068,-2.658826,2.4488978,0.59891254,-1.1368683772161604e-17,-5.009111203795122,7.186927970359878,0.999981668725113,2.687759913569628,0.0124654286736028,3.620075126769997,0.6909656929292325,2240,-0.009513468,1.1262712,0.0022189834,3.375,1.0,0.019804681467443488,0.971363816452326,0.9520857183933156
3275.9021323493216,5000,0.06041038049515731,-1.1876772070237565,1.217149004504219,0.09051674811077759,0.13459639,-2.7264018,2.5456169,0.5982626,5.684341886080802e-18,-3.5192965569739214,19.85558341105912,0.9999814796567807,2.69828443964378,0.013106646506883078,3.7719997838921775,0.685517778872144,2245,-0.007908536,1.1173973,0.0018076219,3.375,1.0,0.027450272750302235,0.9600162809919749,0.9433949196467462
3186.9276405407627,5000,0.05803797056301684,-1.206680998525597,1.236601451249163,0.09134457218260035,0.12367951,-2.6251793,2.3580754,0.6067952,1.1368683772161604e-17,-3.817636104543739,3.845410622079109,0.9999788914040207,2.6437314466646056,0.013168464565985586,3.711248643385118,0.696301475492396,2250,-0.01047326,1.0816641,0.002276507,3.375,1.0,0.030035322324445633,0.9583654357415624,0.9535644267756659
3212.1517279394175,5000,0.05869166172792511,-1.2860131396486651,1.2611068568560153,0.09061958204927564,0.1262005,-2.638818,2.6503327,0.60257834,1.1368683772161604e-17,-3.904307307432341,4.779639358429743,0.9999768370096874,2.6457481582909126,0.014552488176065949,3.5442095620314675,0.6012818122090424,2255,-0.010129699,1.1037097,0.002136691,3.375,1.0,0.018133436203011326,0.9698426545576135,0.9599652777202203
2405.43188541482,5000,0.034297801843044436,-1.0829073058941325,1.29888345745812,0.10520101795723859,0.024538489,-2.4443777,2.9910278,0.6488287,0.0,-11.658506121033271,1.5114152311670341,0.9999912659964295,1.9642877201997198,-0.4432913602350352,3.8204974002132905,2.220577438158635,2260,-0.01211157,1.0911922,0.002326469,3.375,1.0,0.1524023979642405,0.9314333943905816,0.9117099508297055
3249.0111574943894,5000,0.05906895359529033,-1.207819849275321,1.2404566852443404,0.09077404967026387,0.13061641,-2.7343714,2.5524566,0.6040189,-5.684341886080802e-18,-3.8047378488332524,6.831530876866313,0.9999806395805928,2.6929095296074133,0.014499736081924891,3.612980520121719,0.6943200118325954,2265,-0.010608435,1.0639,0.0023664695,3.375,1.0,0.03818859710882324,0.9494430789342037,0.9403159978708903
3266.4273565254325,5000,0.05897842045255052,-1.1237348661914097,1.2956756789534267,0.09094852611582256,0.12643014,-2.560062,2.5115921,0.6059601,3.4106051316484806e-17,-3.224394732229215,17.55926175311835,0.999986805852917,2.710847009611389,0.01413704028637825,3.842848336901393,0.6676147270150508,2270,-0.06009386,1.0488081,0.012238838,5.0625,1.0,0.026505377837611206,0.9605587939582829,0.9289423209568469
3315.6422400338006,5000,0.05978849989492068,-1.2746620811025926,1.2399682969408858,0.09056347469196897,0.12907289,-2.9290686,2.346938,0.6057484,0.0,-3.8313012127531545,3.1086205276701513,0.9999774307897246,2.7315633624631084,0.010716775548197015,3.572674213051164,0.7262912856063556,2275,-0.0052358885,1.0604086,0.0014784668,3.375,1.0,0.022742094740348804,0.9688082395219543,0.955837849518009
3268.6799832151482,5000,0.05876979545024546,-1.167843592296578,1.2144666255608936,0.09227227538033038,0.12224613,-2.6102934,2.6848629,0.6129568,0.0,-5.043156434084821,3.5211892066604134,0.9999792635896152,2.7239361090876724,0.01514289040317648,3.6431180249621304,0.7525833789508791,2280,-0.008801103,1.0757742,0.0018350232,3.375,1.0,0.03227801779113044,0.957225359233426,0.9485202528686265
3203.809171289654,5000,0.05728150469981821,-1.1192915794792906,1.1955071325850832,0.08817781006647067,0.12439461,-2.7742505,2.5014238,0.5938113,5.115907697472721e-17,-3.6914175912307687,3.71304752393928,0.9999805196716647,2.6375315762251748,0.012234753847613557,3.5286535372984495,0.6388928168196861,2285,-0.009292876,1.0496941,0.0020211819,3.375,1.0,0.0422413442557296,0.9371574997179212,0.9101541093612892
3269.2365114022236,5000,0.05871778456179033,-1.1426407295120313,1.358497998845619,0.08977865614312892,0.12618285,-2.7300644,2.717072,0.6007034,1.1368683772161604e-17,-4.470581733785474,3.767217196431283,0.9999799508958614,2.685875054101921,0.012309268165219362,3.644709642960981,0.7015665525575847,2290,-0.010090413,1.0507641,0.0020846785,3.375,1.0,0.02365685358573088,0.9663915757890154,0.9597273437529041
3399.567908240563,5000,0.06116989122415413,-1.076312799110651,1.2095279000178767,0.09132193804529293,0.13059826,-2.6909666,2.5688417,0.6081006,1.1368683772161604e-17,-3.791989526608798,6.069806409935249,0.9999809410435446,2.791244221630958,0.005986035258001839,3.7872093882294644,0.8456086733637181,2295,-0.0085272025,1.0413847,0.001646755,3.375,1.0,0.03072400137777621,0.9663186153990311,0.9464377746368532
3304.295093838523,5000,0.05892352422090759,-1.1355127922356283,1.212648337120233,0.08938931326127507,0.1251486,-2.7518528,2.6424394,0.6014763,0.0,-3.4154334495279777,3.0896411785495776,0.9999764177057896,2.7358505450446775,0.013522850994188514,3.634550028017981,0.7303263160375669,2300,-0.009584425,1.0485773,0.0019615346,3.375,1.0,0.01978777683437075,0.9740248172157993,0.9644683911449423
3374.548187970984,5000,0.05984406162740938,-1.1176383153024585,1.2993399403488606,0.0906263665791758,0.12495827,-2.7489305,2.3951735,0.60564256,-5.684341886080802e-18,-3.4963808171148836,4.748259178255995,0.9999766532015798,2.8043838074450584,0.012518441589407315,3.587354157272794,0.7283307104435937,2305,-0.009620151,1.041316,0.0018923901,3.375,1.0,0.014953686627136998,0.9814154775801542,0.9741178583086364
3361.7846182967123,5000,0.06006938803387906,-1.2312043850458962,1.209303938947866,0.09065390075921814,0.13333838,-2.7301106,2.4328158,0.60574824,-1.1368683772161604e-17,-6.453080541577145,14.321201682527933,0.9999800119626813,2.7679371010189757,0.014344214530283365,3.661044906889147,0.7224333206570209,2310,-0.009068171,1.0321026,0.0017395176,3.375,1.0,0.030190249456331423,0.9585101160624863,0.9492094540490964
3293.898380145957,5000,0.058729109795898016,-1.1308191121081912,1.1632818922415555,0.0909696155763136,0.12527557,-2.731144,2.4950492,0.6142733,2.2737367544323207e-17,-4.659753840337417,3.2068130705414304,0.9999754499941504,2.7163308875874295,0.011064667708066519,3.640724231258227,0.7753878305157681,2315,-0.008373896,1.0428591,0.0016642074,3.375,1.0,0.02935663879939325,0.9627747281077699,0.9588016136815829
3283.010771755391,5000,0.058295152273170656,-1.1261282256435343,1.1717575665864353,0.08992465364568655,0.12475556,-3.030126,2.6586723,0.6039806,0.0,-4.288735076252099,3.029093521500302,0.9999765351602841,2.7078521779526032,0.012916088963074016,3.5719315075859592,0.6956532606781992,2320,-0.009444382,1.0435543,0.0018803974,3.375,1.0,0.019751598428691994,0.9716071792319417,0.9652502556118402
2897.511190388162,5000,0.04546072571904656,-1.1849533135514214,1.186233851761107,0.101202651555822,0.07016343,-2.4851649,2.804173,0.6400074,0.0,-12.203906394107994,1.6332600553343568,0.999991390874629,2.327424111230812,-0.4444334414859261,3.9365476559169874,1.9211228542709895,2325,-0.009354105,1.040575,0.001693354,3.375,1.0,0.1709600012266533,0.9113081785236561,0.8464047239633996
3110.3603984545493,5000,0.05117672754644985,-1.1895961378886069,1.3723725633458976,0.09907111661221224,0.090766065,-2.7705004,2.7959468,0.6402216,8.526512829121201e-18,-13.549207193837223,3.0571136212032317,0.9999914285047824,2.512487397221469,-0.44776767321033717,3.9210748592270868,1.649414575368178,2330,-0.0086526,1.0323734,0.0016963063,3.375,1.0,0.22634683620304313,0.864546234035758,0.8508930354768223
3435.9551767813755,5000,0.06100033294790242,-1.0913954997551516,1.1857607595157231,0.09077115333551165,0.13006163,-2.6651163,2.3255942,0.61247826,1.1368683772161604e-17,-2.6092167464677516,7.302775306942585,0.9999867283168548,2.8343785096573995,0.007450090911804301,3.8752766106916736,0.7978206561353419,2335,-0.0076475046,1.0278087,0.0017942236,3.375,1.0,0.04459452631700312,0.9448102520147708,0.900503204545536
3179.7923374026914,5000,0.054224736139458725,-1.188423452086782,1.261365630179049,0.09544621727321838,0.10641011,-2.7989635,2.7625966,0.6329511,-5.684341886080802e-18,-13.010567929432844,2.0686761372471416,0.9999904305264232,2.6051674612128886,-0.3480184463657243,3.9916159302962906,1.2289142787392977,2340,-0.007612468,1.0128002,0.0014510631,2.25,1.0,0.17148547751196108,0.8625113006795887,0.8294737260856018
2553.6572909184965,5000,0.037232742773315584,-1.1940047669438438,1.1457566000971176,0.10104759877687121,0.042538047,-2.704768,3.0741768,0.63720185,1.1368683772161604e-17,-8.912356621671531,8.377325988498608,0.9999944280192907,2.082646976813036,-0.42971295021725253,3.7471041190467864,2.0069799712266025,2345,-0.028643673,0.99332047,0.008250199,3.375,1.0,0.15839807050264784,0.9211397129987865,0.8645111414198253
3123.485479298687,5000,0.05312008701632736,-1.1980191842609995,1.1994632459038646,0.09258328128383242,0.10565495,-2.5417879,2.7841668,0.6173205,0.0,-10.613232535386105,13.133938967873263,0.9999900932703125,2.5899381216803556,-0.3009249666946288,3.669568895774986,1.0129610834927127,2350,-0.010711066,0.97572565,0.0022918647,3.375,1.0,0.10531772616051806,0.8960902730395457,0.868862443135192
3389.2536456959724,5000,0.059118808821652914,-1.0904097856612647,1.2487753662771288,0.08925939161413637,0.124953225,-2.9090347,2.6723208,0.6023976,0.0,-3.0371801381180537,10.444963325789397,0.9999854668015427,2.8053799430455735,0.014227375467442597,3.8802871925653477,0.7345394191278312,2355,-0.011243191,0.96580696,0.002397573,3.375,1.0,0.026276011736358497,0.9682827621522669,0.9355953114625304
3061.764754036806,5000,0.049918815367206944,-1.1265545697581003,1.196022875058405,0.09669631109704674,0.090171956,-2.503215,2.7014308,0.6314407,0.0,-10.998524650178638,3.199407187171541,0.9999905614749331,2.5073715962946683,-0.4422636858774782,3.707569701309565,1.3979504522984891,2360,-0.011772758,0.9544573,0.0018984037,3.375,1.0,0.19009242759902853,0.8647181649169149,0.8352650427869712
3331.8170511031267,5000,0.05802208021654891,-1.155335348866716,1.2131895783708182,0.08878873243239395,0.11869959,-2.5556867,2.75482,0.6042717,0.0,-3.6908613646035877,6.631929730728592,0.999978907542862,2.755120030834402,0.015085298056849878,3.6593688659268713,0.7074017373546155,2365,-0.008736528,0.9434376,0.001777066,3.375,1.0,0.024837410268053233,0.9668749090398341,0.9622534876806422
3339.0052047041804,5000,0.057891673684108635,-1.1313014350699002,1.1851000944434047,0.0900459474968745,0.12273587,-2.583053,2.6632934,0.6066018,-1.1368683772161604e-17,-4.044763331571225,8.98405337127876,0.9999808646378835,2.7374416810539923,0.016434184412847472,3.7215102174089516,0.7217435120844944,2370,-0.008433674,0.94004154,0.0016563545,3.375,1.0,0.029857061114651962,0.9586813677624799,0.9460135620521628
3329.81151190287,5000,0.057849285991099085,-1.1595207031825188,1.2243100968541833,0.08954965952450501,0.119874135,-2.7598712,2.6604538,0.60582507,0.0,-4.264583473340912,5.152011562639148,0.999978705678595,2.75199476005859,0.0053350669260338515,3.722468127580275,0.7960835310155807,2375,-0.009568922,0.92768097,0.0018319765,3.375,1.0,0.028406229431516335,0.964402473536642,0.9582843357714907
3378.441497766756,5000,0.05855959078639459,-1.1411971658202171,1.3083475220900578,0.0894246892412501,0.12667857,-2.6455746,2.724468,0.6006478,0.0,-4.113037750965787,25.32675008882938,0.9999803189532287,2.7788427523547,0.015119978245744861,3.7893368404175845,0.7523239584006672,2380,-0.012542259,0.9164896,0.0028726824,3.375,1.0,0.022810825660768246,0.969790448690911,0.9604449120548221
3362.9578414480143,5000,0.058467374145288464,-1.1636333929412865,1.1618929357282464,0.09026297663693318,0.12237286,-2.7495465,2.5298328,0.60985214,0.0,-4.453685528889419,4.284251131700408,0.9999804134099968,2.7646850210693183,0.014117281151477767,3.659608296181404,0.7019492422051137,2385,-0.00932489,0.9069147,0.0021064617,3.375,1.0,0.03642465981617681,0.9481099943958623,0.9354403066509956
3506.1737988855557,5000,0.060736185563027026,-1.1493634948304918,1.247615574706736,0.09024001715256791,0.12880634,-2.6986487,2.5745628,0.6081682,3.979039320256561e-17,-3.4137694102119416,7.4939770572807225,0.99997878145246,2.9021929022578954,0.012865211684558642,3.8268893017013133,0.7538438531552684,2390,-0.009616088,0.89741087,0.0019899437,3.375,1.0,0.03624742945452375,0.9578757462380756,0.94958875282467
3419.3263087797286,5000,0.058655292022404826,-1.2537917256359157,1.1958961722880144,0.09071883993906085,0.12539518,-2.6844537,2.7030983,0.6105093,1.1368683772161604e-17,-4.095155751755652,2.9763153475930824,0.999979730388632,2.8183862292915203,0.009071472647795653,3.790801359705086,0.8056299939695981,2395,-0.009400165,0.8880811,0.0017713556,3.375,1.0,0.03749879595906947,0.9547241912798969,0.9426689257377621
2967.180553497604,5000,0.04603711092701003,-1.16724238183682,1.2115930821232603,0.09973436030664287,0.0766335,-2.7479258,2.9565928,0.6458373,-1.1368683772161604e-17,-13.756643443185887,1.535572219124097,0.9999916781445967,2.370320047850771,-0.49260154210065205,3.681211791706983,1.822543477840607,2400,-0.0107783545,0.87033653,0.002221543,3.375,1.0,0.2649420193990281,0.8565505276857417,0.8365692384836845
3430.5597456493115,5000,0.05930356612789822,-1.2281018496617453,1.156210958807134,0.0909471721755581,0.1262622,-2.5861194,2.8054733,0.6154094,-1.1368683772161604e-17,-3.9728399888390915,3.5710324449850597,0.9999828519125716,2.8144491857145817,0.00463391327047248,3.8189857100399176,0.817686125426956,2405,-0.009130073,0.86495113,0.0021935957,3.375,1.0,0.037676081892909,0.9563350818496889,0.9522967769259342
3443.806265933843,5000,0.05871430885565915,-1.1213594612368165,1.1646217621824808,0.08993034067350023,0.124919385,-2.777228,2.513893,0.60915095,1.1368683772161604e-17,-4.440296602167934,4.828906446917017,0.9999830565458931,2.85355099465863,0.01986044314244852,3.747293726319743,0.724108388111653,2410,-0.008954393,0.854228,0.0020240897,3.375,1.0,0.017846911848774783,0.9762478953091773,0.9607914605640789
3479.830999592148,5000,0.05934487102726729,-1.0598075628438322,1.2115661001858942,0.08903986103570544,0.12823021,-2.714947,2.5423207,0.6036432,-1.7053025658242403e-17,-4.115231881645925,2.9379697570917602,0.9999746401295714,2.8730767664385852,0.013830274372781346,3.8051600852200136,0.7967835583640471,2415,-0.009148203,0.8536196,0.0019722455,3.375,1.0,0.021777974221588302,0.9727745169874413,0.9674594735033861
3557.656591052049,5000,0.06045813283657271,-1.086754689085377,1.22355121153235,0.0895680854397257,0.12897061,-2.874047,2.7384107,0.6053062,2.2737367544323207e-17,-3.802932778681606,3.529980073925265,0.9999745783361493,2.9174689978674966,0.014629551756108198,3.831843887887131,0.8473485109923841,2420,-0.009990221,0.84944534,0.0023162293,3.375,1.0,0.021943789233416815,0.9764289893676117,0.9725963939940322
3500.7534639229502,5000,0.05975656759194852,-1.20773484660635,1.212276072533105,0.09067610841205401,0.12997648,-2.9938464,2.4671254,0.6095406,2.2737367544323207e-17,-3.250630842288332,8.253958421402123,0.9999796730966671,2.8912507798498845,0.016027148636730333,3.900558825273869,0.802751794699657,2425,-0.009365357,0.83781147,0.0017792757,3.375,1.0,0.02106866655945686,0.9738204773455225,0.9651153944492182
3501.118997806824,5000,0.05956698253280951,-1.145256771675926,1.2191199276094884,0.09073076189843952,0.13037372,-2.4914296,2.6161025,0.609538,1.1368683772161604e-17,-3.4044955580173015,3.0526571680931056,0.9999782038988732,2.8665979711633685,0.01426002425828689,3.812223502908063,0.7895750979265937,2430,-0.009994039,0.8117547,0.0020382183,3.375,1.0,0.02517403649792387,0.969399909945714,0.9630416485509602
3541.089169654014,5000,0.06011596666392888,-1.1337831514387164,1.171006929469259,0.08965071363762654,0.13231404,-2.6232257,2.6820314,0.6058387,0.0,-5.002509892102243,22.28741125557534,0.9999793396296486,2.938471704527904,0.014907980116966668,3.929734936239821,0.7630758690850985,2435,-0.012261434,0.7984233,0.0025731467,3.375,1.0,0.023117458937552363,0.9713144019185938,0.9651305240085769
3469.9092651400206,5000,0.05905120404800765,-1.1790128443295773,1.2264379292911132,0.0898163785598378,0.1260857,-2.9083388,2.6096349,0.6107735,1.1368683772161604e-17,-3.7912908657021136,10.423303189430227,0.999979511351794,2.8660475660637936,0.007954351039246839,3.7919197320566074,0.8092237029609752,2440,-0.009106803,0.7794061,0.0019988585,3.375,1.0,0.04341473392419141,0.9480819657788345,0.9387459282855163
3523.9298615496105,5000,0.05932298843095816,-1.1341964276721386,1.2228615847448905,0.08874741833329512,0.13378729,-2.653712,2.5214794,0.59993553,2.2737367544323207e-17,-4.116794730922325,3.9885606715007604,0.999979153785856,2.9374402056681626,0.014526190260230934,3.921995126885158,0.7515636655515432,2445,-0.009997439,0.76946163,0.0020740165,3.375,1.0,0.026431185238586896,0.9667459910531389,0.9612180532982255
3481.3716498513472,5000,0.05802105472390191,-1.1500704515356375,1.1820927613041246,0.09010011667290793,0.12302132,-2.794393,2.8218582,0.60930276,0.0,-4.984520194824242,3.8705403232367916,0.9999791662645082,2.8702131309044816,0.009661224400141244,3.920779069593137,0.789650470839729,2450,-0.009040823,0.7638531,0.0017588186,3.375,1.0,0.033518601692919814,0.9583047040782692,0.9535317431215161
3576.230655521185,5000,0.060208369296897817,-1.0979495850001086,1.221379226761228,0.0915246945519723,0.12760408,-2.702744,2.6476588,0.62117535,-3.126388037344441e-17,-3.52533450463841,3.089524098495075,0.9999747355813342,2.9669446364210175,0.010743456459677541,3.810251905803152,0.8009817489152091,2455,-0.009967241,0.7605696,0.0020665652,3.375,1.0,0.014997994089355458,0.9831907844652302,0.9796176878658787
3547.3955124480103,5000,0.05948900752157357,-1.1447078187465813,1.239347692560714,0.08967017593520395,0.13210046,-2.6283576,2.7154474,0.60798806,5.115907697472721e-17,-3.2726627138544653,3.291838064731128,0.99997769046858,2.9390142755896487,0.017927748124074824,3.901656603422429,0.7833870522977078,2460,-0.00956922,0.7553997,0.0020200198,3.375,1.0,0.021405114192405653,0.9728508806029739,0.9683786332582404
3511.1912787373813,5000,0.05858851286444446,-1.0420824047889599,1.1809890078598562,0.08982047189019762,0.12959379,-2.6174648,2.571203,0.610169,1.7053025658242403e-17,-3.8795636902595745,2.9337939326999725,0.999976831209454,2.927886016155351,0.0095838969384671,3.810241236761961,0.8685077284281743,2465,-0.010933926,0.7594118,0.0025001725,3.375,1.0,0.018272932941573727,0.978960541379795,0.9737304027361809
3641.8256994886447,5000,0.06110495667650776,-1.2440195514693937,1.2167063398913929,0.08969737047974383,0.13455872,-2.4667614,2.67524,0.60854346,0.0,-3.2748814565386657,2.9997593051648597,0.9999779111462697,2.9964789007177552,0.014578064294181346,4.073121420213007,0.8503219541126237,2470,-0.008128446,0.7589121,0.0016304157,3.375,1.0,0.022272005509435432,0.9745911176218673,0.9656072659695821
3501.237947910403,5000,0.05855777047004851,-1.0254676088013683,1.181845216714629,0.08940210745540415,0.13215432,-2.6302724,2.497707,0.6042582,-1.7053025658242403e-17,-3.9368815775581725,3.16779651015564,0.9999781619856006,2.911301761716928,0.0034398267762861708,3.886348372530162,0.8572296015844353,2475,-0.008975944,0.7442484,0.0017651855,3.375,1.0,0.02350219861927535,0.9747322945967656,0.9722529270115594
3508.1884781069966,5000,0.05824488469603921,-1.1383364495919424,1.1526945557415327,0.08836419011800807,0.12991615,-2.5852327,2.6359653,0.6063689,2.2737367544323207e-17,-5.686926668932355,18.51689688419406,0.9999850680358393,2.8597893705496245,0.010051326612094394,3.8210221722051485,0.8395396310368677,2480,-0.012134226,0.7169628,0.0022851175,3.375,1.0,0.029038883115419047,0.9657063589593033,0.9465995155726564
3541.122788619178,5000,0.059517934198909904,-1.1952738973487675,1.1942588867503474,0.08974487682799498,0.13316163,-2.5452583,2.474231,0.6073963,3.4106051316484806e-17,-4.44379704917384,2.5640527841374485,0.9999788329999767,2.925879940116405,0.014277041778576418,4.10585574680809,0.9218124189588099,2485,-0.009425471,0.69798183,0.002108326,3.375,1.0,0.027082403762559375,0.970909336254363,0.9660027782407206
3561.050587596973,5000,0.05931834483243319,-1.0937810413295852,1.189267856296147,0.0894436861128022,0.1311394,-2.9335268,2.553246,0.60831344,-3.979039320256561e-17,-4.617056895859366,3.2870627657647145,0.9999768969989368,2.9549441747667227,0.012336539548739223,4.018453163612594,0.8945454363143676,2490,-0.010380009,0.6843004,0.002059483,3.375,1.0,0.021039044136485073,0.9767214814858867,0.9699341756867507
2780.933346640459,5000,0.03860545049949092,-1.1287404947355937,1.1907641904350843,0.10154745671642947,0.04992375,-2.60388,3.0001245,0.6514403,5.684341886080802e-17,-11.76550859146419,1.4694227300453317,0.999991462119457,2.2716365589997842,-0.5327066241554205,3.8889888341859953,2.317086803284647,2495,-0.012435462,0.6716833,0.0021429437,3.375,1.0,0.12840831210108547,0.9447050078316527,0.8948976506164926
3632.4409963653866,5000,0.06060972697325083,-1.084109716668052,1.1516137406990041,0.08890470120079969,0.13228631,-2.541645,2.480657,0.603542,-1.1368683772161604e-17,-4.957499924804603,8.492523383792804,0.9999854420217044,2.9793692268129637,0.011720573001555873,3.9343078916377348,0.8506872660102818,2500,-0.01093926,0.6823311,0.0022496385,3.375,1.0,0.054592058764519946,0.939553255530563,0.9192138926775074
3609.44469434831,5000,0.05948344577762042,-1.1080323272188108,1.2281490941020976,0.08931032969314853,0.13163808,-2.580929,2.3540018,0.60796297,-2.2737367544323207e-17,-2.812056359168135,10.298123963649756,0.9999846923892328,2.973149289521556,0.012396345528960991,4.180589914346582,0.8941817747747378,2505,-0.012182773,0.6657448,0.0025022358,3.375,1.0,0.027371266085210486,0.969441908464268,0.9352799162232305
2867.9670476566025,5000,0.03944495980821875,-1.0971433029800146,1.2152760720380633,0.10233615960373259,0.04776771,-2.6800673,2.902688,0.6538843,-2.2737367544323207e-17,-14.54749218877394,1.608472464436232,0.99999160315983,2.355128647065102,-0.5429329716259546,3.969194123862669,2.621197239180976,2510,-0.009638008,0.67158127,0.0018800142,3.375,1.0,0.07523391612639058,0.9715702727406695,0.9495407878450844
3440.7021214239167,5000,0.05596856768845662,-1.1363497153646303,1.161694418884184,0.08893836990469157,0.12368416,-2.498665,2.717684,0.6041413,2.2737367544323207e-17,-3.809573903646981,5.236888671016371,0.999980541055313,2.8433681783669535,0.012271247017891949,3.8111496833015024,0.7543008402921618,2515,-0.010346688,0.6711855,0.0023693684,3.375,1.0,0.03503058705885681,0.9589249909300849,0.9492733919168422
3582.826882033021,5000,0.05908271173612304,-1.306342180773112,1.1847325327343006,0.09045243682670429,0.13210173,-2.5165532,2.6172109,0.60897315,5.684341886080802e-18,-5.684744495473417,13.128539070060567,0.9999916463068578,2.994118903521657,0.011152234675303144,3.93623014972233,0.8981293754391687,2520,-0.045592505,0.6508026,0.009577679,5.0625,1.0,0.03801629647041176,0.959518053648998,0.9023359764699773
3638.188069449969,5000,0.05946958388584813,-1.0925334950480399,1.1416637323877339,0.08944759962880457,0.13033254,-2.4867818,2.3948672,0.6043846,0.0,-3.638004842949484,4.074637960894234,0.9999790558835044,2.9757082307663723,0.012602522619499392,3.9772638085738015,0.9557600794350277,2525,-0.0076909442,0.65128994,0.0014260765,3.375,1.0,0.02599790264902199,0.9731271683550761,0.9605380733452432
3717.8048318468004,5000,0.061016476117529236,-1.1374234393134544,1.1725659309982395,0.09002009113093616,0.13397856,-2.5664077,2.2453918,0.6091144,8.526512829121201e-18,-3.1942113799919665,4.487412486965131,0.9999764671793065,3.0732632380883653,0.013937396501160392,4.067959499555131,0.8630858929065242,2530,-0.0084164785,0.644927,0.0017054989,3.375,1.0,0.020998700285539126,0.978139585470094,0.9728029653011214
3623.4997064381387,5000,0.05910442472848031,-1.1762662814983973,1.1707983870470082,0.08949854551958955,0.13181533,-2.5413315,2.55702,0.60060877,-3.126388037344441e-17,-3.428841816857398,4.278415626992504,0.9999780926572006,2.987488046035871,0.015410721704455694,3.962667917174713,0.8630454586528705,2535,-0.008917847,0.6324625,0.0018088713,3.375,1.0,0.021232796367865937,0.9767980996906068,0.9700560106784444
3582.931770666113,5000,0.05819777414684527,-1.091490133323586,1.1972328862436705,0.08964005522218416,0.12624413,-2.6681132,2.822663,0.6061786,-3.4106051316484806e-17,-3.076413499062734,2.876820695089334,0.9999777969776191,2.947854714092539,0.00813895874462424,4.020567514254866,0.8535281936830615,2540,-0.009620512,0.6323085,0.0021498005,3.375,1.0,0.030920709824850963,0.9640588844362762,0.9589835411265055
3612.0027919863487,5000,0.05879686744813543,-1.1934200655101188,1.1579913398342687,0.0892535789355796,0.13066417,-2.5344877,2.5218697,0.60711056,-3.4106051316484806e-17,-3.848108478738853,3.2393081054694934,0.9999771129610449,2.9961913821688113,0.012366566542031715,3.9708147733452295,0.8767144205135501,2545,-0.009236561,0.6252785,0.002037445,3.375,1.0,0.026178455468206924,0.9707966205903853,0.967808977264782
3573.0321373572647,5000,0.057554624035661014,-1.1286911527198995,1.119953474442074,0.08878387919367393,0.1269984,-2.5462832,2.3804698,0.60687226,-1.7053025658242403e-17,-3.773963968320319,2.925416777527552,0.9999753607919502,2.944473965235279,0.0031652105965986293,3.8866831385943432,0.9144872361611244,2550,-0.009756719,0.60106134,0.0019670667,3.375,1.0,0.0193420790737757,0.9790222485666896,0.9749911027556045
3573.680541113257,5000,0.05752551802501191,-1.1200451159783644,1.1526928228672286,0.08963906660281959,0.12595114,-2.861294,2.6550655,0.61218005,3.4106051316484806e-17,-5.072627368099832,3.5942624951599544,0.9999796726342389,2.967788403257313,0.00891102692168807,3.9108711414520765,0.7561573525390363,2555,-0.009511775,0.5976,0.0017596417,3.375,1.0,0.03204853196856959,0.9578157008317351,0.9362573748645945
3591.912883880069,5000,0.05766720823990577,-1.0506990817465374,1.1000343387060956,0.08866434044413418,0.12659301,-2.858476,2.450316,0.6029532,2.2737367544323207e-17,-4.646222574903502,3.056604233308383,0.9999768424961454,2.9708316207344136,0.009105750097537802,3.8890833346848983,0.8588621149012586,2560,-0.0085031735,0.5887928,0.0016503632,3.375,1.0,0.026494407903869466,0.9693210243683351,0.9699718652427743
3498.6138984343424,5000,0.05649573376945663,-1.120651602657929,1.195500859913387,0.0891349570158856,0.12173133,-2.5903356,2.6497712,0.60744554,2.842170943040401e-18,-13.106630469302374,7.1991854646980045,0.9999882415559083,2.8669041065164684,-0.09923347133639866,3.938796975424878,0.9244474143873435,2565,-0.034231015,0.5783887,0.006439122,5.0625,1.0,0.037157785480208275,0.9647788845112117,0.9137649537270863
3631.1720314836193,5000,0.0582920552493407,-1.124844609928304,1.1506260630881617,0.08919353507408485,0.12903063,-2.6789227,2.4915857,0.6071077,-2.2737367544323207e-17,-4.333687336963869,3.0698771728860517,0.9999792372954728,3.015071885803897,0.01900468063573773,3.9573914691606373,0.8317104747265582,2570,-0.0077833612,0.57165337,0.0012472247,3.375,1.0,0.03726640409006119,0.9633998001161511,0.9561913470527502
3659.8278922784957,5000,0.05929371907286572,-1.098698067381416,1.1746858869399686,0.08845636492419563,0.13316394,-2.531125,2.364291,0.60650885,-1.1368683772161604e-17,-4.885936142298991,4.916150160654227,0.9999797288428337,3.020631544418649,0.01845141363407301,4.1102776624094135,0.9344479911847938,2575,-0.010554548,0.56876945,0.0021226252,3.375,1.0,0.031560278936643746,0.9664259059229997,0.9595012426354936
3507.35463687629,5000,0.05569956445373611,-1.1948582188725414,1.240439285216706,0.08880438827778817,0.12436948,-2.7947822,2.5553148,0.6007405,2.2737367544323207e-17,-4.0009879533121655,3.3219877402813993,0.9999830774793762,2.9066838896229537,0.016382951005899954,4.005094024147561,0.8495373778066981,2580,-0.010516118,0.54511833,0.0022352303,3.375,1.0,0.035236179989073205,0.9601078611784065,0.9500048699910262
3038.448497065384,5000,0.04382839397602868,-1.1910221377402275,1.1466279839723115,0.09996155628656066,0.07598892,-2.6791701,2.9900389,0.64225,-3.4106051316484806e-17,-13.016870798666229,1.8803783535247458,0.9999919523439011,2.448558944593033,-0.4946587998683047,4.0431225324431965,2.332786979808137,2585,-0.010812448,0.54355574,0.0020368004,3.375,1.0,0.18796994871757394,0.9199782857725884,0.8754588495593785
3691.071169998396,5000,0.05967620636622189,-1.1496762563428986,1.2398847357858391,0.08953917908427927,0.13181499,-2.5950594,2.5041723,0.6077103,-3.4106051316484806e-17,-2.59897978626097,15.239856951986926,0.999983299210497,3.047382774587152,0.005946492610587717,4.198497748733845,0.9370985388752578,2590,-0.010376776,0.52680683,0.0021028756,3.375,1.0,0.037611990799833385,0.9615904352266972,0.9501051734703592
3666.9287590387457,5000,0.058356273776609076,-1.1594914885274439,1.1468147249239187,0.08931257303864734,0.12946291,-2.7286165,2.5843825,0.60112244,-2.2737367544323207e-17,-3.818858986393979,5.745927129063163,0.9999832382531938,3.035912702789795,0.014326543616757602,4.008901070593832,0.8479522838156915,2595,-0.009057676,0.5011511,0.001893065,3.375,1.0,0.0324108942320432,0.961849087334752,0.946541888839467
3677.343214607302,5000,0.05836872111455652,-1.2164553848082786,1.1484553393621777,0.08855945676170851,0.1296213,-2.5287428,2.5383797,0.5960665,1.7053025658242403e-17,-4.9384342563511145,3.6736622610414966,0.9999785548566588,3.050388797021017,0.0073214629859812775,4.223315206968713,0.8939775392558338,2600,-0.01033674,0.4859724,0.0020253337,3.375,1.0,0.03304993501605165,0.9631032533927919,0.956441517423715
3793.7611674314367,5000,0.0601341119872425,-1.117804758719317,1.2145105502858982,0.08908162398400424,0.13322088,-2.5125751,2.6208122,0.5985275,-6.821210263296961e-17,-3.602763224800163,3.4880607687161955,0.9999793062747835,3.128799221361053,0.016206568847605143,4.25279226437359,0.9885772462404661,2605,-0.008595701,0.47595882,0.002000713,3.375,1.0,0.02804544204305105,0.9736811375887475,0.953935388539251
3788.517830853177,5000,0.05998672192279229,-1.1027690869835842,1.2664582862912397,0.0892706392123511,0.13227957,-2.6210873,2.400751,0.6067789,-2.2737367544323207e-17,-3.7764906638484494,7.059829299973463,0.9999789777654845,3.133313555999664,0.012282506346615048,4.237751611276707,0.8993971951314638,2610,-0.010102881,0.45761585,0.0019415955,3.375,1.0,0.022287494579657834,0.9752196498385672,0.9700125325267653
3740.394230098903,5000,0.05906558309133836,-1.0733416439789165,1.2692171223368345,0.08928334210172259,0.13054626,-2.4082818,2.2378197,0.60553676,3.979039320256561e-17,-4.1122609329072795,3.4427253864171923,0.999981104483873,3.0880916976286423,0.01834926330966165,4.217948023105545,0.8553077478628939,2615,-0.009189956,0.4353037,0.0018604639,3.375,1.0,0.03100071093930975,0.9639180398943932,0.9454825742133569
3723.0059182085397,5000,0.05857043413182051,-1.1533325151006937,1.1652716542241135,0.08831052125233713,0.13105802,-2.7709017,2.5469766,0.6022112,-3.4106051316484806e-17,-4.31761006042556,3.1098742545466322,0.9999763497350981,3.0818087116499093,0.01528689419331603,4.0256396873894165,0.8501721898998134,2620,-0.008961709,0.4440832,0.002000786,3.375,1.0,0.025099457074806226,0.970490883982534,0.968194560865195
3709.2909998999485,5000,0.05814457599607028,-1.067627252112095,1.1761522955445822,0.08923081098398007,0.12950507,-2.8305492,2.7043073,0.6022882,1.1368683772161604e-17,-5.0758407879101695,3.5736716937973005,0.9999766186066308,3.0696880250124017,0.014990630338990753,4.091117068890945,0.9074113580700861,2625,-0.0118367765,0.44105434,0.0024995187,3.375,1.0,0.019206203378628082,0.9788341450797209,0.9703777002812592
3765.172006326617,5000,0.059148555425820114,-1.073897862659046,1.1557587198839498,0.089547998908288,0.1326523,-2.5722196,2.4172313,0.6086807,5.684341886080802e-18,-4.05334654797336,4.568802844376029,0.9999764051273622,3.0865262505175246,0.011713074697814602,4.246448128874919,0.9278968733943357,2630,-0.010383679,0.4354372,0.0018849465,3.375,1.0,0.02535980910629904,0.9728478945756638,0.9651962271028924
3755.5874006820222,5000,0.05915700085944028,-1.1657819190456862,1.2462161593241816,0.08904235881097934,0.13180411,-2.705038,2.503445,0.60773504,0.0,-4.465471216624709,3.5727962384438476,0.9999765905826196,3.106937939349106,0.0149505508462736,3.9985765638133635,0.9076563966796032,2635,-0.010078082,0.4185629,0.0022782304,3.375,1.0,0.02640727724318906,0.9714607363425015,0.9680690112313213
3732.0458162880923,5000,0.057896896688651174,-1.0979043752083362,1.1723189741175328,0.08985686599682179,0.12565093,-2.4087481,2.2269804,0.6126902,5.684341886080802e-18,-3.9041298212626843,3.273128989642781,0.9999784121953231,3.0945168082558565,0.015621210403612978,4.148060632619472,0.877615645749238,2640,-0.009628741,0.4045334,0.0020437345,3.375,1.0,0.022418541111398405,0.9744683194970017,0.9666008657294671
3700.7811995212965,5000,0.057773749454949716,-1.0476833636929639,1.3472947790656031,0.0902372318772641,0.12924728,-2.5008268,2.3871412,0.61080086,5.684341886080802e-18,-4.144041432678586,14.084852721281667,0.999979379697495,3.059056998390868,0.0081782413174683,3.9631752532982936,0.9557136189275613,2645,-0.010279775,0.39825535,0.0020792943,3.375,1.0,0.018387653652867573,0.9808844797210814,0.9745523794948161
3820.0110688977084,5000,0.06010409018356864,-1.0936850106215779,1.1221766353939169,0.09051409326691832,0.13031211,-2.6987667,2.3383312,0.6168237,1.1368683772161604e-17,-3.9059746385420837,2.7117485094617764,0.9999787519465206,3.1565796880324313,0.013130745205352935,4.236153356504035,0.9103417084391254,2650,-0.008694789,0.4113474,0.002044202,3.375,1.0,0.029943199717889626,0.9686605542810157,0.9565949755973904
3747.5624180830846,5000,0.05864104435974825,-1.2161787996721771,1.2771626810637258,0.0892997578859868,0.13266534,-2.4389336,2.3329344,0.60668707,1.1368683772161604e-17,-4.37597784052158,3.0701480880340695,0.9999774379225502,3.1194097630386404,0.012389634270090379,4.129464542726055,0.9170872104439551,2655,-0.009769037,0.39399242,0.0019887364,3.375,1.0,0.019049239362933828,0.9804091416152847,0.9753586831060165
3827.3571079786343,5000,0.05927741389314991,-1.0813178053656516,1.2148691729366357,0.08919159808690158,0.13071351,-2.3433986,2.682168,0.6055171,-6.821210263296961e-17,-3.9513389187920565,3.2194472847628353,0.999975691075997,3.161047141449804,0.013224184670303441,4.081839527240073,0.9293217869951484,2660,-0.00976214,0.3853178,0.0020550715,3.375,1.0,0.01589534531694796,0.9831590753201064,0.9779837070437573
3726.2244386727134,5000,0.05763287549951976,-1.2036387377377433,1.2469935861874915,0.08964501801648735,0.12632972,-2.554594,2.4499063,0.6118663,1.4210854715202004e-17,-5.679016843957273,11.371551823539747,0.9999782118477906,3.0719164840955857,0.014947996577057452,4.166437068690081,0.9560714343049592,2665,-0.013439322,0.37950706,0.002610735,3.375,1.0,0.026139670389557376,0.9735400612352082,0.9641331532258388
3847.7475028878953,5000,0.059579015587402945,-1.0585361540583735,1.2598221191789032,0.09106290331738934,0.13037926,-2.5098546,2.3714023,0.61442965,-5.684341886080802e-17,-4.5315976158727755,3.0342767863233604,0.9999772639587158,3.189486077198584,0.016740980443801633,4.302515231279659,0.9529090472840369,2670,-0.009751796,0.36199665,0.0019607437,3.375,1.0,0.02691650325773561,0.9728710471493792,0.9705225909096246
3817.7225577907566,5000,0.05938585202292406,-1.170202885110536,1.2152091385904245,0.08951075055383825,0.1309263,-2.6903274,2.697811,0.60975903,-8.526512829121201e-18,-4.555507386996413,21.762009543445494,0.9999797863537578,3.1486416160595825,0.00355723010365364,4.138025581991425,0.9521664548569062,2675,-0.012395609,0.36168003,0.0027007079,3.375,1.0,0.02246142002698573,0.9765792010904664,0.9691632001198378
3827.591096780172,5000,0.05973341610531416,-1.1222345718118172,1.1634237533789595,0.08953364715056865,0.13313848,-2.5790071,2.6849573,0.6130528,-5.684341886080802e-18,-4.253834662497516,7.773236859962315,0.9999775561763953,3.1773715600972974,0.0133828741000125,4.251876589241733,0.8687491883598933,2680,-0.010803502,0.34617805,0.0022137943,3.375,1.0,0.017439275800136617,0.9799321615555339,0.972543472710411
3766.933848812115,5000,0.05793926129578475,-1.2013626010075342,1.2110650116709514,0.08812627442478935,0.12883458,-2.8135865,2.6624148,0.59950465,-5.684341886080802e-18,-4.413356417505616,3.508679329628477,0.9999773010326215,3.0862473664297965,0.01173519502064904,4.0715334946171975,0.9172165481488639,2685,-0.0107817855,0.34326172,0.0021845363,3.375,1.0,0.019155779139050925,0.9810718647044686,0.9727690967948361
3816.812330777428,5000,0.05807724659952629,-1.184509578388415,1.1464120322609075,0.08958180867439336,0.12849703,-2.6217802,2.5688725,0.6037081,2.2737367544323207e-17,-3.907489296371948,3.8458418029606807,0.9999751420565616,3.140837556907212,0.015300667396216923,4.123374219876452,0.9555097576782188,2690,-0.009929759,0.3426695,0.0023411536,3.375,1.0,0.018139326663650833,0.9814597434171871,0.9780917272074157
3862.7324057465676,5000,0.058721650581679184,-1.0588872765636441,1.159196831119016,0.08935282753270465,0.12537421,-2.4419909,2.629644,0.606764,-1.7053025658242403e-17,-3.470194537940784,2.7014898107798215,0.9999740090636902,3.18877368231105,0.013085155018446142,4.279644698040151,0.9744226702486097,2695,-0.010253752,0.32417965,0.0022071924,3.375,1.0,0.023416697834791063,0.9765630458103903,0.9725894340476345
3374.2463565812286,5000,0.04881501087980422,-1.1280005753304376,1.173792947119713,0.09671420281794345,0.10005998,-2.4178364,2.9423184,0.6390348,1.4210854715202004e-17,-13.669524528576101,1.2763666711883417,0.9999924500140601,2.7318145628723824,-0.525710437785103,4.052514798923289,1.9648178040137743,2700,-0.013113124,0.31879807,0.0022526383,3.375,1.0,0.27830750210889044,0.8609411212066878,0.8214759461092451
3544.5412738374644,5000,0.0524187688094342,-1.1647178827277334,1.2390423372295478,0.0937317984826785,0.111759685,-2.4806058,2.9638693,0.62680715,0.0,-11.77810047254217,6.460101713697242,0.9999908090924265,2.8926367337767425,-0.3576463000514263,4.3796945544400225,1.4837588040733938,2705,-0.0108484775,0.30513763,0.002105359,3.375,1.0,0.15101932854375863,0.898708941022774,0.8716739348007069
3034.318572511898,5000,0.039809070116181455,-1.114244538606361,1.1111857296353784,0.10158739284199104,0.062071003,-2.4201298,3.0842376,0.65238875,0.0,-12.86403815767627,5.566619188811661,0.9999919370444154,2.4742165561668963,-0.5420833079242448,4.228325793974421,2.8967629787019424,2710,-0.010268489,0.3172512,0.0017507216,3.375,1.0,0.12703896788674118,0.9566798758170415,0.9307608104699915
3876.7151856444043,5000,0.05855786706108799,-1.1651635758172543,1.3936729621980493,0.08912803502655849,0.12619337,-2.408711,2.6032364,0.6094953,1.5631940186722205e-17,-3.5624202949524153,10.448284943973748,0.9999839107730508,3.20836330250259,0.014853268149825467,4.163676653056915,0.9845647969559914,2715,-0.011446756,0.30811787,0.002456594,3.375,1.0,0.02205603037107833,0.9781393807492608,0.9623244583543026
3852.383630122593,5000,0.05814204339119542,-1.1078906877582604,1.2705587711591528,0.08938753904121627,0.12596416,-2.6649022,2.393455,0.6033362,5.684341886080802e-18,-3.1283963222196554,16.276145923928343,0.9999834891030881,3.2000778398319802,0.013335273083889104,4.2926235521522695,1.0039184478422285,2720,-0.009577348,0.29277706,0.0020338267,3.375,1.0,0.035147501177615316,0.9650735785084957,0.9531487831978638
4009.4913438789677,5000,0.060911835608735955,-1.1366595475742258,1.1464618621110902,0.08966231928887268,0.13303508,-2.718404,2.415787,0.61450523,-6.252776074688882e-17,-3.92838229934229,7.0512749471050915,0.9999760210991498,3.3095424128337325,0.015685149343971957,4.424196293055126,1.037313656971666,2725,-0.011322532,0.28464603,0.0021613543,3.375,1.0,0.023867571197586698,0.9790089367858966,0.9766396958891888
3760.6414539211,5000,0.05674893039786859,-1.1511281074471078,1.324884938330359,0.08918577940309687,0.12527822,-2.3732595,2.5939074,0.6018427,-6.821210263296961e-17,-4.129764422981464,3.7384999727555863,0.999978737406132,3.1046276186258117,0.013077317584217452,4.143400642355297,0.9543412478753489,2730,-0.011039695,0.27581596,0.0023653281,3.375,1.0,0.03817181716116416,0.9671548224120412,0.9636123060520065
3764.8628410178253,5000,0.05682263248090017,-1.0836217289062364,1.2932170143554553,0.08863636412508903,0.12432528,-2.501478,2.237681,0.6029435,-1.4210854715202004e-17,-4.256064265965471,4.64205527594349,0.9999788342738568,3.1048454239777827,0.01398730547204549,4.031389556590822,0.9221612976265134,2735,-0.010479978,0.25455952,0.0020479877,3.375,1.0,0.01778987469455709,0.9807526102989593,0.9743566557309118
3869.6704828936004,5000,0.05829109217082397,-1.0611298184780278,1.1778281271626472,0.08861083939235952,0.12814441,-2.7863934,2.268092,0.60382634,-3.126388037344441e-17,-4.051077055594196,3.4103898837687066,0.999977619287756,3.2012971404797783,0.014008670198079257,4.179611369539393,1.0696158377224922,2740,-0.010853998,0.25989628,0.0022865946,3.375,1.0,0.037969186376552604,0.9657669008704568,0.9609611867045615
3896.656625859517,5000,0.0584657180913443,-1.0512448671360808,1.1351611802415034,0.08985598330803611,0.1251029,-2.4590185,2.8488414,0.60479456,1.1368683772161604e-17,-4.481237401084108,23.917784101511476,0.9999802496628134,3.235776952901916,0.014223061936219564,4.192259585110453,0.9172646763795594,2745,-0.010095501,0.2512226,0.0020945927,3.375,1.0,0.02186328373323579,0.9761875643382015,0.9664187142230537
3416.641439660264,5000,0.04820368551987105,-1.145301447605052,1.1994909973129058,0.09496180246596915,0.095306665,-2.5028481,2.8081086,0.62894326,-4.5474735088646414e-17,-13.300886368938398,1.6945341625756853,0.9999914477816734,2.7618280733717,-0.4587063769510488,3.9664274213601494,1.5658659463839106,2750,-0.009505125,0.2590294,0.0019578359,3.375,1.0,0.22605904427060772,0.8648183420952334,0.8346979010285106
3911.802115101327,5000,0.058621812505979747,-1.2103260129214812,1.2347077806608955,0.08918390505473701,0.1315233,-2.4195068,2.3594024,0.6024322,1.1368683772161604e-17,-3.422560681304173,14.132672119895403,0.9999830256802983,3.2062054540699454,0.01371177142424507,4.469509399512927,1.0911862964220567,2755,-0.01659761,0.2522173,0.0033337814,3.375,1.0,0.05871847014975394,0.9598603938713974,0.9430642594501871
3866.2569467464227,5000,0.05749919104590487,-1.1051113991219628,1.1031304468565049,0.09000381220032466,0.12636141,-2.4352078,2.5061383,0.6078928,-1.1368683772161604e-17,-4.742449422879352,16.284482768714827,0.9999873287120278,3.1734500123846576,0.017916732170176617,4.264690263062618,1.0209617567455394,2760,-0.0153095545,0.24285221,0.0031881577,3.375,1.0,0.025399019789468524,0.9757052900535935,0.9396424222888992
3762.366473528672,5000,0.05622884480611943,-1.234514818967027,1.133328694019153,0.08899624743863925,0.12230599,-2.491578,2.4329102,0.6095685,5.684341886080802e-17,-4.244834780779836,5.32341532754283,0.9999808036495127,3.1255136973144633,0.009676192544802016,4.090824879866998,1.0200070725413295,2765,-0.009235576,0.21722889,0.002091455,3.375,1.0,0.025803511523439248,0.9764494708040855,0.9637019972585782
3856.44427882866,5000,0.05719636384169368,-1.1131128823063032,1.1926083389624245,0.08836683218032276,0.12455029,-2.3872178,2.9925623,0.6036172,1.1368683772161604e-17,-4.152898036215724,4.220983330657692,0.9999772368146786,3.1806751264653705,0.016447568406967792,4.242810608308252,0.9774665429696888,2770,-0.011028964,0.2138176,0.002140208,3.375,1.0,0.021680348813158647,0.978468179476979,0.9760837259526844
3882.0840801033505,5000,0.057761422148131514,-1.2005397452982989,1.1989090400622757,0.08897339025416245,0.12552196,-2.4304485,2.8442261,0.60726655,-3.4106051316484806e-17,-3.816010789540894,3.6814183635392994,0.9999778473943423,3.2061602492899097,0.021797274178104904,4.352119826029865,0.9459303009651636,2775,-0.011185141,0.21293354,0.0023636403,3.375,1.0,0.028436934426814754,0.9701633567715852,0.9595015567710984
3925.889456047502,5000,0.05858911698843516,-1.0669819897874249,1.131361445382466,0.08920650250012868,0.12981386,-2.3237925,2.4958282,0.60623604,-2.2737367544323207e-17,-3.428596796962443,3.4257351919910315,0.9999753738440857,3.226306498723043,0.01609845798065352,4.222144119759635,1.0030819149161594,2780,-0.010380404,0.19080257,0.0022985307,3.375,1.0,0.016458970005330607,0.9837099106269277,0.9812265267038909
3892.7769356732506,5000,0.05770554257762256,-1.1518349102972405,1.1502668136202585,0.09008271339971242,0.12433444,-2.530199,2.4863515,0.610766,0.0,-3.8203682613601586,3.0177098544636016,0.9999789906709149,3.2321109180061125,0.013944335425499287,4.379727770722485,0.9675089388470333,2785,-0.009299176,0.19120121,0.0020188978,3.375,1.0,0.028515116709094953,0.9709664654441788,0.9641590066939378
3991.5799283775173,5000,0.059634959343989054,-1.1783117930115041,1.1118822088569074,0.09011812953224646,0.13138402,-2.452288,2.399284,0.61698025,-1.1368683772161604e-17,-6.401634106735769,2.720265907594455,0.9999774918997757,3.3259443888125344,0.01705603020735022,4.3197715143285755,0.9942905573077491,2790,-0.011673104,0.1705532,0.0023282133,3.375,1.0,0.023341499288254765,0.9780075967892293,0.9744892278670936
3585.9446061481467,5000,0.05012835317009843,-1.209450809166446,1.2030538108406335,0.09705712418419994,0.10041185,-2.6506486,2.9983323,0.6389189,1.1368683772161604e-17,-13.959958922169685,1.3217745954955564,0.9999918891446563,2.892873925102601,-0.47225030447439575,4.4393921604559425,2.03820188116159,2795,-0.008311857,0.16880894,0.001735486,3.375,1.0,0.27577131615363404,0.8675546004557428,0.8472905763953473
3979.5814954093426,5000,0.058664767285804637,-1.206344065786813,1.2570303932982771,0.09014471854070047,0.12873589,-2.4231725,2.566403,0.6159697,1.1368683772161604e-17,-15.575434951621,16.107370559589313,0.9999866849071223,3.2979455618037523,-0.11877329107084163,4.294124213845664,1.2528330741565612,2800,-0.011843762,0.171772,0.0024937792,3.375,1.0,0.046849368453291164,0.9668778563718458,0.9421361019147592
3923.9125300893515,5000,0.05790488887818561,-1.1305354082886345,1.1619327573430969,0.08924062532602745,0.12788677,-2.513823,2.3932612,0.61124855,-3.4106051316484806e-17,-3.8820929254013956,8.789738657410458,0.9999808784598383,3.2415266506155906,0.014789013428838088,4.204906479438913,0.9637944319800599,2805,-0.009908477,0.15793705,0.0020732724,3.375,1.0,0.023774320070819466,0.9762988938397457,0.9694437696647122
3614.1531466033275,5000,0.05049218586310272,-1.117036337373407,1.2263797788585613,0.0954883999922116,0.102302544,-2.4977002,2.9240932,0.6265028,2.2737367544323207e-17,-14.15210372811798,1.3524718135912537,0.9999911598283027,2.931249785500559,-0.4336883014277356,4.345505550530399,1.8202359833364676,2810,-0.010282304,0.13734055,0.002292751,3.375,1.0,0.18926229287234886,0.8972585320849584,0.8803394141491574
3983.520409057963,5000,0.058815718613654,-1.2287756271518295,1.1103581307373254,0.08896633382839052,0.13070843,-2.3654876,2.6920292,0.60765916,-2.2737367544323207e-17,-4.314810213431064,3.4153287945104296,0.9999794376617845,3.305432196997452,0.012226794779872206,4.4303704336554555,1.046886867563052,2815,-0.009217178,0.124607086,0.0017822345,3.375,1.0,0.0436979502036378,0.9636890455884795,0.9561446676174598
3949.5200157914273,5000,0.05815759598232757,-1.1704495102385346,1.1979913567973548,0.0890674701654162,0.12753914,-2.771807,2.331897,0.6083338,0.0,-3.7541899042716165,21.391061574497883,0.9999815362754049,3.2569155917335193,0.005746649703961003,4.365261258739226,1.1281204118816857,2820,-0.009764925,0.12489891,0.0021399537,3.375,1.0,0.022253346824309288,0.9810668418310349,0.9701340975852647
3903.3151412312027,5000,0.05768067256884068,-1.1350078611734713,1.1318758076283038,0.08952203391640765,0.12721214,-2.5831842,2.497196,0.613439,0.0,-5.362942567852539,3.0492855780122703,0.9999815071900646,3.2296074896954194,0.012328980767975862,4.347246816867061,0.9973299017903479,2825,-0.009876348,0.10807705,0.0021754315,3.375,1.0,0.029564439696217498,0.9703783131173067,0.9628569748388301
3958.8350608298265,5000,0.05787619090418547,-1.1328903800462564,1.1343679905356159,0.08942569128017787,0.12761998,-2.716578,2.3081584,0.61223316,-2.2737367544323207e-17,-5.337384689523329,19.499698205878033,0.9999795366495237,3.291820917364167,0.01790118490789827,4.3141517806055925,1.018269525517956,2830,-0.012247321,0.108021736,0.0025389865,3.375,1.0,0.031164409488106833,0.9694534100431822,0.9601723935335553
4005.2733591690353,5000,0.05871583876138818,-1.1732640231272806,1.2590428294375697,0.088836459040746,0.12711458,-2.561236,2.325581,0.6108773,2.842170943040401e-18,-4.384857211870509,3.442197811464066,0.999979340953146,3.28435898234114,0.019252346726873742,4.434417495545441,1.0887667413306341,2835,-0.009192144,0.089261055,0.0020590257,3.375,1.0,0.03566241480722679,0.9672483285965333,0.9615060598350688
4093.01654881549,5000,0.05974886037501712,-1.2165985917318167,1.1132347676081997,0.0909552157156045,0.12904029,-2.4807804,2.588299,0.62012273,3.4106051316484806e-17,-3.9567482392563758,3.170497410577115,0.9999794266212484,3.3880280992602088,0.015465122252412825,4.539960121989457,1.0729300035822869,2840,-0.008708826,0.07940674,0.0017804628,3.375,1.0,0.027903437559050264,0.9748205524764952,0.9694359049315572
3947.4529598649,5000,0.05746526675899558,-1.0935280946217312,1.1675475158824025,0.08972029830898985,0.12731782,-2.437477,2.9728756,0.6135415,1.7053025658242403e-17,-4.428667664125826,3.1143487278586908,0.9999800660065954,3.257415604292208,0.012876794831199289,4.273808968732557,1.0213443636561117,2845,-0.009595895,0.06621456,0.002035745,3.375,1.0,0.03309204967242013,0.9704601937151783,0.9630592904235759
3985.754064463896,5000,0.05809557964863252,-1.0104582432302571,1.15714370260572,0.08929412652297448,0.12866198,-2.476986,2.4570088,0.6156568,-5.684341886080802e-18,-3.832433442757238,26.710087127948388,0.9999818755738273,3.3077249049111255,0.016318528861202268,4.298412991629018,0.9820517957749502,2850,-0.05590882,0.049347878,0.0120447315,5.0625,1.0,0.0213971153508324,0.9783697185574975,0.9713837149361773
4048.779175600966,5000,0.05877880613544732,-1.190496729442771,1.1438131116358412,0.08988871439236067,0.12863655,-2.6353993,2.5829234,0.61706835,2.2737367544323207e-17,-3.8121090096615733,3.672366079048441,0.9999752160068034,3.351803437889253,0.015563389099805376,4.438154925917734,1.1150243244991018,2855,0.0015186062,0.05767727,0.0024663091,5.0625,1.0,0.01633382100509505,0.9860728661998978,0.9762002964781967
4023.514952697554,5000,0.05885702175177513,-1.081159645063746,1.162417724727016,0.08841057325959395,0.12767501,-2.5866396,2.56713,0.6202924,0.0,-4.383853662996165,3.6511735260786073,0.9999753035875052,3.321965935562672,0.013934694062715733,4.481029542635664,1.0605851528006955,2860,-0.0056958515,0.048571587,0.0013675591,3.375,1.0,0.015117079181257367,0.9857699824940398,0.9818619267166966
3895.8844585484812,5000,0.05583307565872587,-1.1957606462208696,1.309305300301534,0.08844654030507867,0.12048448,-2.5853736,2.4920597,0.6054715,-6.821210263296961e-17,-5.417785985346357,3.0527504489246042,0.9999775233401426,3.2224978685681465,0.014862319472862864,4.319685310144361,0.9747770252283307,2865,-0.008642776,0.030950546,0.0019107277,3.375,1.0,0.03250451052500011,0.9692932817673443,0.96021038248498
4056.081837534604,5000,0.0593565167387885,-1.1317010203227194,1.247528660648821,0.08927238064543538,0.13404374,-2.3941512,2.6533275,0.61372364,0.0,-4.610907271009981,5.385166594023984,0.9999765085396841,3.34292787868922,0.016220660393236486,4.384978006104289,1.0600534674517184,2870,-0.008171951,0.02842617,0.001801893,3.375,1.0,0.025420724064630654,0.9794809091484978,0.9765911174678582
3933.981317764308,5000,0.056212909741084685,-1.061753448452321,1.1465156139962396,0.08845833194175828,0.12566915,-2.4116795,2.5141525,0.60491735,-2.2737367544323207e-17,-8.977316364596826,3.278883437958827,0.9999780612907343,3.246126887184415,0.016962290576014553,4.264397560895098,0.956972266672508,2875,-0.009344145,-0.0055627823,0.0018979281,3.375,1.0,0.021395257113861806,0.9791995889928555,0.9758642847834338
3998.1368179885962,5000,0.057630932812648125,-1.1755358778627372,1.1528292539577163,0.08898273385451023,0.12665232,-2.5639675,2.4470968,0.6146334,1.1368683772161604e-17,-4.041215514647352,3.485049591728371,0.999976380179244,3.2927695321514876,0.01828195969410912,4.470697792177897,1.0388069208707176,2880,-0.008090582,-0.012217522,0.0016498966,3.375,1.0,0.025778286498265413,0.9752653951034005,0.970671219206083
4065.498627412174,5000,0.05843315915898216,-1.030511759327992,1.1452927966998756,0.08905414372481606,0.12928104,-2.4739566,2.2650492,0.60993373,-2.2737367544323207e-17,-4.793772273680484,3.4306305836371083,0.9999790047797085,3.380164632810057,0.012776822797650664,4.408416028795411,1.0735114793901168,2885,-0.009243041,-0.020752907,0.0018727935,3.375,1.0,0.026745600006992977,0.9774890153134422,0.9653846870605253
4135.906059426567,5000,0.06017372648224236,-1.1816059110102985,1.1417183441515986,0.08874512669325016,0.13231482,-2.447454,2.4081895,0.614513,-3.979039320256561e-17,-4.821324975726957,3.8187565416752745,0.999977545570263,3.4056974222612424,0.01879922933415482,4.456562911036745,1.1019650440802735,2890,-0.008464359,-0.04218197,0.0017813521,3.375,1.0,0.018329881824549428,0.983608339782447,0.979553306544407
4097.083251484482,5000,0.059139602569198146,-1.0644793753808606,1.149408350665271,0.08981098809627008,0.12919046,-2.4313354,2.2218287,0.61732024,2.2737367544323207e-17,-5.466910836565373,3.6554135924734807,0.9999750891417217,3.378450120215995,0.020368503563444523,4.438727049874873,1.0786154547949887,2895,-0.009014529,-0.05494976,0.001986246,3.375,1.0,0.020106684854193868,0.9814929715195543,0.9798416692727437
3346.4475503093745,5000,0.042719565435651294,-1.189350786390735,1.1198464475915746,0.10058140442470201,0.07858495,-2.4011931,2.9983156,0.65238184,-2.2737367544323207e-17,-14.04008268489966,0.8842174714434341,0.9999927939220342,2.7053886050021707,-0.5497728670969233,4.291836651776821,2.6799446660412585,2900,-0.0062062144,-0.05239296,0.0011405553,2.25,1.0,0.2713042011160633,0.9004043177227261,0.8702975980780089
3948.5873015450115,5000,0.05620766477982541,-1.1765205135109666,1.264782804612335,0.08833477212935274,0.12252372,-2.4762843,2.5677524,0.61032987,-5.684341886080802e-17,-3.8887500655580087,3.853095764403325,0.9999798929994231,3.25053429597657,0.016284437952671753,4.257944808143099,1.0455838538857751,2905,-0.011049859,-0.06919193,0.0032081066,2.25,1.0,0.03516881384775321,0.967113758173145,0.9678682330640189
4032.8052865860614,5000,0.05751475049184898,-1.1594194087831382,1.218205381915436,0.08887802712623477,0.1259044,-2.456512,2.6780188,0.6147735,1.1368683772161604e-17,-4.647227513811528,14.323747944986286,0.9999837695124337,3.336742426621713,0.015953049595145118,4.353716623960895,1.0538741098827569,2910,-0.011641401,-0.10484123,0.0038979843,2.25,1.0,0.02038954830965055,0.9828508678133465,0.9512391227713831
3988.5802910368157,5000,0.056607240243260436,-1.0470150857647353,1.099861302754015,0.08900377942710604,0.12563679,-2.5871449,2.5277915,0.6110397,0.0,-3.6443943082269037,3.07236463646573,0.9999785645220605,3.2954292047183555,0.013274708488954628,4.415514293814043,1.0616218015585563,2915,-0.009407469,-0.12352657,0.0027552492,2.25,1.0,0.0311748128777396,0.9721623937185359,0.95963096476793
4063.545611000643,5000,0.058324082776823515,-1.1183215476983144,1.1349202445961926,0.08987651122252374,0.12591994,-2.592608,2.2861202,0.61964864,-5.684341886080802e-18,-3.200590071829588,3.9319602071349395,0.9999787002963387,3.339669309784555,0.012709718935538728,4.528162607133512,1.0242473464578867,2920,-0.011695759,-0.14668751,0.0035679764,2.25,1.0,0.026303190296184744,0.9743596328552842,0.9671840776191853
3969.548569958702,5000,0.05556201721673482,-1.1210623373253992,1.1032902710815644,0.09566875614199417,0.11931508,-2.5570712,2.7741725,0.6435335,0.0,-14.442996733159584,1.392966463923372,0.999991572834449,3.227246079079653,-0.4351620034876125,4.511057046134218,1.9210943984349929,2925,-0.008164037,-0.14880466,0.0022454453,2.25,1.0,0.1986782735258136,0.8965807428817408,0.87064499522324
4029.5573587953236,5000,0.05716386786907649,-1.0300576591516508,1.3485191363139124,0.08875533015546139,0.12581897,-2.5983577,2.3410316,0.61145216,2.2737367544323207e-17,-3.368565864752863,5.603808332328919,0.9999831619481167,3.325591497050713,0.017475139612803916,4.67119566225086,1.1204382098052237,2930,-0.01100268,-0.1694498,0.0034822084,2.25,1.0,0.061515314882249414,0.9466462111990391,0.9377408069379066
4081.507340791258,5000,0.05821431877855146,-1.1212727265355877,1.1375751842711166,0.08904974400216831,0.12904774,-2.290084,2.2497082,0.61039704,5.115907697472721e-17,-3.2891414640652075,2.8473965729716837,0.9999830380099913,3.373485582530461,0.014810763479975448,4.386885772754356,1.122802633535526,2935,-0.0088040065,-0.18979359,0.003121331,2.25,1.0,0.0255627322749657,0.97781212340825,0.9545074087689767
4135.455253402794,5000,0.059254094889499294,-1.1675951939710492,1.1377026840217623,0.09024180573184808,0.13236998,-3.0288203,2.418945,0.6211774,0.0,-4.762654815297425,3.3526896319968373,0.9999788421432888,3.427584197206323,0.017031627688658447,4.428900093169712,1.0329890064113043,2940,-0.010894639,-0.18055248,0.003219693,2.25,1.0,0.02226165372942536,0.9792478140544458,0.9745609692412961
4110.151708886691,5000,0.058213366558695474,-1.0382056282994634,1.1341060884060346,0.09008850580451228,0.12845246,-2.3526533,2.4017642,0.61516917,-2.2737367544323207e-17,-4.555576054687791,3.326362772243087,0.9999778778666628,3.407544053610981,0.017800589703683856,4.395497021520656,1.1225720081306527,2945,-0.010167926,-0.17312145,0.0035423583,2.25,1.0,0.019488113531306254,0.9826815283190242,0.9790070707456442
4092.5909734579823,5000,0.05802603073108231,-1.1150133652263496,1.15781618048554,0.09084165862104208,0.12692316,-2.4870095,2.318282,0.62603647,-1.1368683772161604e-17,-3.9807263907914647,23.778418529282582,0.9999759631044395,3.3936062383893173,0.014100140374847582,4.469710099778121,1.072696061887465,2950,-0.047634747,-0.19528961,0.012756472,3.375,1.0,0.0175231954337069,0.9836683171974141,0.9799930601809725
3889.1700850657166,5000,0.05404059917751702,-1.1642786100884668,1.150558639875271,0.09218258240794414,0.12064266,-2.4340193,2.8769548,0.62694865,0.0,-12.425264016398144,1.7455729640581437,0.9999888609758435,3.1563317326980247,-0.33368323486271695,4.42518918782529,1.6017579045257593,2955,-0.0078813555,-0.1950388,0.0020538718,3.375,1.0,0.1450507055085598,0.9150290735442829,0.8916971470149023
3932.494234314547,5000,0.0542684977094544,-1.2435949285947898,1.1256970417538463,0.09342232803992272,0.11732215,-2.5811222,2.8510919,0.6372002,2.2737367544323207e-17,-12.661083733606779,1.725986028586607,0.9999899427611568,3.196768068343895,-0.3716114251487315,4.66233383040168,1.7040135385570065,2960,-0.009663823,-0.21733761,0.0019047367,3.375,1.0,0.1765237857162759,0.8972075063757955,0.8690841245230294
4051.903258612418,5000,0.05685813813275122,-1.110173461854128,1.1743720759805756,0.08929848766034844,0.12749614,-2.600429,2.2644265,0.6150871,-2.842170943040401e-18,-4.083022050643963,12.469915527223343,0.9999867132677686,3.322821446499417,0.016418587564233363,4.513484683754132,1.0424245898203996,2965,-0.0067729913,-0.22236156,0.0013764382,2.25,1.0,0.03216601091882811,0.9691432530189186,0.9425689067360552
4101.449071724822,5000,0.057923617071896256,-1.0631297795569117,1.1208592447395733,0.0891822706655733,0.132091,-2.4620728,2.458467,0.62052774,-5.684341886080802e-18,-4.251342385994532,25.63691011361869,0.9999860555701519,3.3910018846162173,0.01744842051093589,4.59115035590344,1.182025105864822,2970,-0.04763411,-0.22851753,0.012780052,3.375,1.0,0.031422334839432284,0.9746335665787558,0.9580360536420363
4118.280282445138,5000,0.057455840418905516,-1.2772808690924888,1.1789871122694284,0.08936753108756831,0.12871261,-2.519989,2.5291364,0.61880463,3.4106051316484806e-17,-4.761599840388839,3.0012434518018676,0.9999777470874814,3.395466586361769,0.015227419586712941,4.467645859241552,1.1864350408626139,2975,-0.0067405594,-0.2435875,0.002137206,3.375,1.0,0.029488214005957927,0.9751898526274289,0.9692250348995022
4086.8280114629815,5000,0.057129599631313956,-1.17815369601267,1.2151376430688574,0.09010079305439346,0.13020936,-2.3732934,2.3609743,0.61934805,1.4210854715202004e-17,-4.282414286326854,5.038875585138842,0.999980894761669,3.4196026466294396,0.016768511737191277,4.396781968681778,1.1037468623285651,2980,-0.011450437,-0.25013638,0.0021788734,3.375,1.0,0.018859919750618105,0.9829654940165901,0.9693213247289473
4185.794879100887,5000,0.05862071341217493,-1.197037074025053,1.1657406409762856,0.08972268387409985,0.13152163,-2.570009,2.4228373,0.6249502,-1.1368683772161604e-17,-3.73900271627135,3.6425708567831805,0.9999772625970036,3.459228548561006,0.020895373410787236,4.511047233131691,1.0565406642339095,2985,-0.010568941,-0.2560959,0.0019982194,3.375,1.0,0.018306939260193396,0.982713734795865,0.9782063399576513
4056.5769808063546,5000,0.05631265888630561,-1.038486174126896,1.1066217935466713,0.08916260787397913,0.12784812,-2.496058,2.5737686,0.6168923,-2.2737367544323207e-17,-3.5732424890977317,5.13035355256794,0.9999784458984741,3.3560415981142935,0.012810904937765611,4.544184841566782,1.0690753823864783,2990,-0.01220213,-0.23690128,0.002951444,3.375,1.0,0.03488382796178039,0.9691227441748068,0.9641762540685013
4125.133618064171,5000,0.057213172482868405,-1.1216322644126149,1.2047441484675014,0.08981384910470024,0.12807615,-2.3572252,2.17907,0.6223362,2.2737367544323207e-17,-3.854651354289286,3.5103533854085875,0.9999754851355026,3.425828393101903,0.019822586768227457,4.463739585612476,1.0587565840447313,2995,-0.008828314,-0.24302483,0.0016731897,3.375,1.0,0.02043012899024395,0.9812050505015774,0.9797056426331822
4248.129720907888,5000,0.059532246082623676,-1.1787839289434932,1.1345541825362726,0.0903960776702263,0.13389178,-2.5242996,2.3177183,0.6250513,5.115907697472721e-17,-4.287729013925527,3.0144204596830173,0.999978977164861,3.544716214104835,0.018964207864010423,4.752854948825261,1.1721342821296086,3000,-0.012253388,-0.26511097,0.0030452479,3.375,1.0,0.037518922027884885,0.9723928637737336,0.967327775816628
